pdb_id	s_ch	s_resi	s_ins	s_resn	s_ss8	s_rsa	s_phi	s_psi	s_a1	s_a2	s_a3	s_a4	s_a5	s_3di_state	s_3di_letter	t_ch	t_resi	t_ins	t_resn	t_ss8	t_rsa	t_phi	t_psi	t_a1	t_a2	t_a3	t_a4	t_a5	t_3di_state	t_3di_letter	Interaction
2hw2	A	54	 	L	H	0.201	-1.123	-0.676	-1.019	-0.987	-1.505	1.266	-0.912	12.0	M	A	58	 	V	H	0.0	-1.106	-0.765	-1.337	-0.279	-0.544	1.242	-1.262	9.0	J	HBOND
2hw2	A	21	 	T	E	0.106	-2.872	2.887	-0.032	0.326	2.213	0.908	1.313	0.0	A	A	71	 	R	E	0.327	-2.331	2.563	1.538	-0.055	1.502	0.44	2.897	18.0	S	HBOND
2hw2	A	51	 	T	E	0.049	-2.657	2.749	-0.032	0.326	2.213	0.908	1.313	4.0	E	A	97	 	T	T	0.204	-1.425	-0.059	-0.032	0.326	2.213	0.908	1.313	14.0	O	VDW
2hw2	A	126	 	M	H	0.378	-1.142	-0.857	-0.663	-1.524	2.219	-1.005	1.212	17.0	R	A	130	 	L	H	0.226	-1.252	-0.701	-1.019	-0.987	-1.505	1.266	-0.912	15.0	P	HBOND
2hw2	A	126	 	M	H	0.378	-1.142	-0.857	-0.663	-1.524	2.219	-1.005	1.212	17.0	R	A	130	 	L	H	0.226	-1.252	-0.701	-1.019	-0.987	-1.505	1.266	-0.912	15.0	P	VDW
2hw2	A	84	 	D	-	0.11	-1.371	2.003	1.05	0.302	-3.656	-0.259	-3.242	13.0	N	A	88	 	T	S	0.077	-2.094	2.171	-0.032	0.326	2.213	0.908	1.313	2.0	C	
2hw2	A	81	 	I	-	0.367	-2.138	2.693	-1.239	-0.547	2.131	0.393	0.816	8.0	I	A	101	 	R	E	0.133	-2.528	2.713	1.538	-0.055	1.502	0.44	2.897	7.0	H	
2hw2	A	78	 	E	S	0.412	-1.339	-0.4	1.357	-1.453	1.477	0.113	-0.837	12.0	M	A	105	 	P	-	0.066	-1.105	2.817	0.189	2.081	-1.628	0.421	-1.392	10.0	K	HBOND
2hw2	A	119	 	P	P	0.419	-1.066	2.643	0.189	2.081	-1.628	0.421	-1.392	2.0	C	A	122	 	Q	H	0.455	-1.261	-0.714	0.931	-0.179	-3.005	-0.503	-1.853	17.0	R	HBOND
2hw2	A	133	 	L	H	0.488	-1.031	-0.721	-1.019	-0.987	-1.505	1.266	-0.912	1.0	B	A	136	 	K	T	0.79	-1.518	0.013	1.831	-0.561	0.533	-0.277	1.648	17.0	R	VDW
2hw2	A	45	 	M	P	0.133	-1.464	2.451	-0.663	-1.524	2.219	-1.005	1.212			A	49	 	Y	E	0.243	-1.891	2.275	0.26	0.83	3.097	-0.838	1.512	8.0	I	VDW
2hw2	A	85	 	P	G	0.243	-1.189	-0.312	0.189	2.081	-1.628	0.421	-1.392	17.0	R	A	90	 	K	S	0.522	-1.942	-1.656	1.831	-0.561	0.533	-0.277	1.648	12.0	M	HBOND
2hw2	A	33	 	P	S	0.257	-1.147	2.841	0.189	2.081	-1.628	0.421	-1.392	0.0	A	A	103	 	R	S	0.609	-1.608	-0.165	1.538	-0.055	1.502	0.44	2.897	14.0	O	
2hw2	A	6	 	P	-	0.426		2.761	0.189	2.081	-1.628	0.421	-1.392			A	55	 	D	H	0.086	-0.989	-0.813	1.05	0.302	-3.656	-0.259	-3.242	13.0	N	VDW
2hw2	A	95	 	N	-	0.134	-2.235	1.209	0.945	0.828	1.299	-0.169	0.933	14.0	O	A	100	 	Y	E	0.14	-2.317	2.985	0.26	0.83	3.097	-0.838	1.512	7.0	H	
2hw2	A	22	 	K	S	0.161	-1.826	0.027	1.831	-0.561	0.533	-0.277	1.648	13.0	N	A	64	 	A	S	0.047	-1.03	2.572	-0.591	-1.302	-0.733	1.57	-0.146	5.0	F	HBOND
2hw2	A	10	 	E	P	0.639	-1.497	2.134	1.357	-1.453	1.477	0.113	-0.837	2.0	C	A	53	 	T	B	0.007	-1.896	2.422	-0.032	0.326	2.213	0.908	1.313	2.0	C	VDW
2hw2	A	120	 	P	H	0.779	-1.002	-0.63	0.189	2.081	-1.628	0.421	-1.392	17.0	R	A	124	 	A	H	0.292	-1.113	-0.636	-0.591	-1.302	-0.733	1.57	-0.146	17.0	R	HBOND
2hw2	A	121	 	E	H	0.675	-1.219	-0.509	1.357	-1.453	1.477	0.113	-0.837	17.0	R	A	125	 	A	H	0.604	-1.181	-0.701	-0.591	-1.302	-0.733	1.57	-0.146	17.0	R	HBOND
2hw2	A	112	 	L	E	0.098	-1.549	2.139	-1.019	-0.987	-1.505	1.266	-0.912	2.0	C	A	115	 	W	-	0.101	-2.413	2.758	-0.595	0.009	0.672	-2.128	-0.184	2.0	C	HBOND
2hw2	A	112	 	L	E	0.098	-1.549	2.139	-1.019	-0.987	-1.505	1.266	-0.912	2.0	C	A	115	 	W	-	0.101	-2.413	2.758	-0.595	0.009	0.672	-2.128	-0.184	2.0	C	VDW
2hw2	A	82	 	E	E	0.495	-2.45	2.803	1.357	-1.453	1.477	0.113	-0.837	2.0	C	A	101	 	R	E	0.133	-2.528	2.713	1.538	-0.055	1.502	0.44	2.897	7.0	H	HBOND
2hw2	A	82	 	E	E	0.495	-2.45	2.803	1.357	-1.453	1.477	0.113	-0.837	2.0	C	A	101	 	R	E	0.133	-2.528	2.713	1.538	-0.055	1.502	0.44	2.897	7.0	H	VDW
2hw2	A	131	 	E	H	0.588	-1.063	-0.658	1.357	-1.453	1.477	0.113	-0.837	17.0	R	A	135	 	R	H	0.718	-1.219	-0.538	1.538	-0.055	1.502	0.44	2.897	17.0	R	HBOND
2hw2	A	73	 	F	E	0.0	-1.885	2.583	-1.006	-0.59	1.891	-0.397	0.412	4.0	E	A	111	 	E	E	0.371	-2.179	2.293	1.357	-1.453	1.477	0.113	-0.837	16.0	Q	
2hw2	A	84	 	D	-	0.11	-1.371	2.003	1.05	0.302	-3.656	-0.259	-3.242	13.0	N	A	99	 	S	E	0.1	-1.793	2.328	-0.228	1.399	-4.76	0.67	-2.647	10.0	K	HBOND
2hw2	A	133	 	L	H	0.488	-1.031	-0.721	-1.019	-0.987	-1.505	1.266	-0.912	1.0	B	A	137	 	G	T	0.762	1.048	0.638	-0.384	1.652	1.33	1.045	2.064	17.0	R	VDW
2hw2	A	55	 	D	H	0.086	-0.989	-0.813	1.05	0.302	-3.656	-0.259	-3.242	13.0	N	A	58	 	V	H	0.0	-1.106	-0.765	-1.337	-0.279	-0.544	1.242	-1.262	9.0	J	
2hw2	A	22	 	K	S	0.161	-1.826	0.027	1.831	-0.561	0.533	-0.277	1.648	13.0	N	A	68	 	G	S	0.702	1.596	2.815	-0.384	1.652	1.33	1.045	2.064	5.0	F	VDW
2hw2	A	47	 	H	-	0.054	-2.236	2.817	0.336	-0.417	-1.673	-1.474	-0.078	8.0	I	A	143	 	D	-	0.245	-2.848		1.05	0.302	-3.656	-0.259	-3.242			VDW
2hw2	A	72	 	I	E	0.0	-2.165	2.124	-1.239	-0.547	2.131	0.393	0.816	10.0	K	A	112	 	L	E	0.098	-1.549	2.139	-1.019	-0.987	-1.505	1.266	-0.912	2.0	C	HBOND
2hw2	A	72	 	I	E	0.0	-2.165	2.124	-1.239	-0.547	2.131	0.393	0.816	10.0	K	A	112	 	L	E	0.098	-1.549	2.139	-1.019	-0.987	-1.505	1.266	-0.912	2.0	C	VDW
2hw2	A	123	 	L	H	0.183	-1.141	-0.708	-1.019	-0.987	-1.505	1.266	-0.912	15.0	P	A	127	 	R	H	0.379	-0.995	-0.85	1.538	-0.055	1.502	0.44	2.897	17.0	R	HBOND
2hw2	A	76	 	E	E	0.588	-2.152	1.954	1.357	-1.453	1.477	0.113	-0.837	0.0	A	A	107	 	W	E	0.48	-1.828	2.485	-0.595	0.009	0.672	-2.128	-0.184	5.0	F	HBOND
2hw2	A	76	 	E	E	0.588	-2.152	1.954	1.357	-1.453	1.477	0.113	-0.837	0.0	A	A	107	 	W	E	0.48	-1.828	2.485	-0.595	0.009	0.672	-2.128	-0.184	5.0	F	VDW
2hw2	A	49	 	Y	E	0.243	-1.891	2.275	0.26	0.83	3.097	-0.838	1.512	8.0	I	A	100	 	Y	E	0.14	-2.317	2.985	0.26	0.83	3.097	-0.838	1.512	7.0	H	
2hw2	A	16	 	A	-	0.179	-1.249	2.703	-0.591	-1.302	-0.733	1.57	-0.146	4.0	E	A	74	 	I	E	0.272	-1.703	2.276	-1.239	-0.547	2.131	0.393	0.816	5.0	F	VDW
2hw2	A	47	 	H	-	0.054	-2.236	2.817	0.336	-0.417	-1.673	-1.474	-0.078	8.0	I	A	102	 	T	E	0.014	-2.441	2.568	-0.032	0.326	2.213	0.908	1.313	2.0	C	VDW
2hw2	A	88	 	T	S	0.077	-2.094	2.171	-0.032	0.326	2.213	0.908	1.313	2.0	C	A	94	 	G	S	0.381	1.172	-2.681	-0.384	1.652	1.33	1.045	2.064	5.0	F	VDW
2hw2	A	122	 	Q	H	0.455	-1.261	-0.714	0.931	-0.179	-3.005	-0.503	-1.853	17.0	R	A	125	 	A	H	0.604	-1.181	-0.701	-0.591	-1.302	-0.733	1.57	-0.146	17.0	R	VDW
2hw2	A	29	 	D	-	0.393	-1.097	2.586	1.05	0.302	-3.656	-0.259	-3.242	2.0	C	A	108	 	I	E	0.006	-1.578	2.061	-1.239	-0.547	2.131	0.393	0.816	5.0	F	HBOND
2hw2	A	26	 	K	-	0.493	-2.355	2.659	1.831	-0.561	0.533	-0.277	1.648	2.0	C	A	29	 	D	-	0.393	-1.097	2.586	1.05	0.302	-3.656	-0.259	-3.242	2.0	C	HBOND
2hw2	A	26	 	K	-	0.493	-2.355	2.659	1.831	-0.561	0.533	-0.277	1.648	2.0	C	A	29	 	D	-	0.393	-1.097	2.586	1.05	0.302	-3.656	-0.259	-3.242	2.0	C	VDW
2hw2	A	31	 	L	E	0.079	-1.976	2.155	-1.019	-0.987	-1.505	1.266	-0.912	4.0	E	A	105	 	P	-	0.066	-1.105	2.817	0.189	2.081	-1.628	0.421	-1.392	10.0	K	
2hw2	A	48	 	I	E	0.065	-1.754	2.415	-1.239	-0.547	2.131	0.393	0.816	5.0	F	A	101	 	R	E	0.133	-2.528	2.713	1.538	-0.055	1.502	0.44	2.897	7.0	H	VDW
2hw2	A	39	 	F	S	0.376	-2.196	-0.285	-1.006	-0.59	1.891	-0.397	0.412	13.0	N	A	134	 	R	H	0.419	-1.069	-0.725	1.538	-0.055	1.502	0.44	2.897	17.0	R	VDW
2hw2	A	74	 	I	E	0.272	-1.703	2.276	-1.239	-0.547	2.131	0.393	0.816	5.0	F	A	109	 	V	E	0.394	-2.0	-0.132	-1.337	-0.279	-0.544	1.242	-1.262	6.0	G	HBOND
2hw2	A	74	 	I	E	0.272	-1.703	2.276	-1.239	-0.547	2.131	0.393	0.816	5.0	F	A	109	 	V	E	0.394	-2.0	-0.132	-1.337	-0.279	-0.544	1.242	-1.262	6.0	G	VDW
2hw2	A	69	 	R	-	0.661	-1.464	2.858	1.538	-0.055	1.502	0.44	2.897	5.0	F	A	115	 	W	-	0.101	-2.413	2.758	-0.595	0.009	0.672	-2.128	-0.184	2.0	C	PICATION
2hw2	A	55	 	D	H	0.086	-0.989	-0.813	1.05	0.302	-3.656	-0.259	-3.242	13.0	N	A	59	 	W	H	0.141	-1.024	-0.657	-0.595	0.009	0.672	-2.128	-0.184	9.0	J	HBOND
2hw2	A	55	 	D	H	0.086	-0.989	-0.813	1.05	0.302	-3.656	-0.259	-3.242	13.0	N	A	59	 	W	H	0.141	-1.024	-0.657	-0.595	0.009	0.672	-2.128	-0.184	9.0	J	VDW
2hw2	A	51	 	T	E	0.049	-2.657	2.749	-0.032	0.326	2.213	0.908	1.313	4.0	E	A	98	 	R	-	0.351	0.911	0.928	1.538	-0.055	1.502	0.44	2.897	14.0	O	
2hw2	A	52	 	Q	S	0.096	-1.813	0.125	0.931	-0.179	-3.005	-0.503	-1.853	14.0	O	A	100	 	Y	E	0.14	-2.317	2.985	0.26	0.83	3.097	-0.838	1.512	7.0	H	
2hw2	A	17	 	Y	E	0.27	-1.446	2.358	0.26	0.83	3.097	-0.838	1.512	8.0	I	A	81	 	I	-	0.367	-2.138	2.693	-1.239	-0.547	2.131	0.393	0.816	8.0	I	VDW
2hw2	A	12	 	H	P	0.212	-1.166	2.523	0.336	-0.417	-1.673	-1.474	-0.078	2.0	C	A	52	 	Q	S	0.096	-1.813	0.125	0.931	-0.179	-3.005	-0.503	-1.853	14.0	O	HBOND
2hw2	A	57	 	A	H	0.019	-1.179	-0.703	-0.591	-1.302	-0.733	1.57	-0.146	11.0	L	A	60	 	G	H	0.333	-1.093	-0.74	-0.384	1.652	1.33	1.045	2.064	14.0	O	VDW
2hw2	A	85	 	P	G	0.243	-1.189	-0.312	0.189	2.081	-1.628	0.421	-1.392	17.0	R	A	101	 	R	E	0.133	-2.528	2.713	1.538	-0.055	1.502	0.44	2.897	7.0	H	
2hw2	A	34	 	G	-	0.464	2.04	0.185	-0.384	1.652	1.33	1.045	2.064	4.0	E	A	45	 	M	P	0.133	-1.464	2.451	-0.663	-1.524	2.219	-1.005	1.212			
2hw2	A	89	 	D	S	0.699	0.998	0.641	1.05	0.302	-3.656	-0.259	-3.242	12.0	M	A	94	 	G	S	0.381	1.172	-2.681	-0.384	1.652	1.33	1.045	2.064	5.0	F	HBOND
2hw2	A	89	 	D	S	0.699	0.998	0.641	1.05	0.302	-3.656	-0.259	-3.242	12.0	M	A	94	 	G	S	0.381	1.172	-2.681	-0.384	1.652	1.33	1.045	2.064	5.0	F	VDW
2hw2	A	18	 	L	E	0.0	-2.036	2.622	-1.019	-0.987	-1.505	1.266	-0.912	8.0	I	A	73	 	F	E	0.0	-1.885	2.583	-1.006	-0.59	1.891	-0.397	0.412	4.0	E	VDW
2hw2	A	128	 	Q	H	0.515	-1.021	-0.77	0.931	-0.179	-3.005	-0.503	-1.853	17.0	R	A	132	 	E	H	0.515	-1.105	-0.816	1.357	-1.453	1.477	0.113	-0.837	17.0	R	HBOND
2hw2	A	128	 	Q	H	0.515	-1.021	-0.77	0.931	-0.179	-3.005	-0.503	-1.853	17.0	R	A	132	 	E	H	0.515	-1.105	-0.816	1.357	-1.453	1.477	0.113	-0.837	17.0	R	VDW
2hw2	A	55	 	D	H	0.086	-0.989	-0.813	1.05	0.302	-3.656	-0.259	-3.242	13.0	N	A	118	 	H	P	0.06	-1.126	2.614	0.336	-0.417	-1.673	-1.474	-0.078	2.0	C	HBOND
2hw2	A	79	 	G	S	0.202	-2.362	-2.877	-0.384	1.652	1.33	1.045	2.064	2.0	C	A	104	 	E	S	0.644	-1.879	2.915	1.357	-1.453	1.477	0.113	-0.837	5.0	F	
2hw2	A	22	 	K	S	0.161	-1.826	0.027	1.831	-0.561	0.533	-0.277	1.648	13.0	N	A	61	 	A	H	0.0	-1.135	-0.757	-0.591	-1.302	-0.733	1.57	-0.146	13.0	N	HBOND
2hw2	A	127	 	R	H	0.379	-0.995	-0.85	1.538	-0.055	1.502	0.44	2.897	17.0	R	A	130	 	L	H	0.226	-1.252	-0.701	-1.019	-0.987	-1.505	1.266	-0.912	15.0	P	VDW
2hw2	A	62	 	E	H	0.098	-1.254	-0.682	1.357	-1.453	1.477	0.113	-0.837	9.0	J	A	127	 	R	H	0.379	-0.995	-0.85	1.538	-0.055	1.502	0.44	2.897	17.0	R	HBOND
2hw2	A	62	 	E	H	0.098	-1.254	-0.682	1.357	-1.453	1.477	0.113	-0.837	9.0	J	A	127	 	R	H	0.379	-0.995	-0.85	1.538	-0.055	1.502	0.44	2.897	17.0	R	VDW
2hw2	A	31	 	L	E	0.079	-1.976	2.155	-1.019	-0.987	-1.505	1.266	-0.912	4.0	E	A	48	 	I	E	0.065	-1.754	2.415	-1.239	-0.547	2.131	0.393	0.816	5.0	F	
2hw2	A	60	 	G	H	0.333	-1.093	-0.74	-0.384	1.652	1.33	1.045	2.064	14.0	O	A	64	 	A	S	0.047	-1.03	2.572	-0.591	-1.302	-0.733	1.57	-0.146	5.0	F	HBOND
2hw2	A	60	 	G	H	0.333	-1.093	-0.74	-0.384	1.652	1.33	1.045	2.064	14.0	O	A	64	 	A	S	0.047	-1.03	2.572	-0.591	-1.302	-0.733	1.57	-0.146	5.0	F	VDW
2hw2	A	15	 	G	-	0.405	1.211	0.002	-0.384	1.652	1.33	1.045	2.064	13.0	N	A	52	 	Q	S	0.096	-1.813	0.125	0.931	-0.179	-3.005	-0.503	-1.853	14.0	O	HBOND
2hw2	A	7	 	K	-	0.678	-1.804	2.205	1.831	-0.561	0.533	-0.277	1.648	2.0	C	A	10	 	E	P	0.639	-1.497	2.134	1.357	-1.453	1.477	0.113	-0.837	2.0	C	HBOND
2hw2	A	7	 	K	-	0.678	-1.804	2.205	1.831	-0.561	0.533	-0.277	1.648	2.0	C	A	10	 	E	P	0.639	-1.497	2.134	1.357	-1.453	1.477	0.113	-0.837	2.0	C	VDW
2hw2	A	47	 	H	-	0.054	-2.236	2.817	0.336	-0.417	-1.673	-1.474	-0.078	8.0	I	A	103	 	R	S	0.609	-1.608	-0.165	1.538	-0.055	1.502	0.44	2.897	14.0	O	
2hw2	A	124	 	A	H	0.292	-1.113	-0.636	-0.591	-1.302	-0.733	1.57	-0.146	17.0	R	A	127	 	R	H	0.379	-0.995	-0.85	1.538	-0.055	1.502	0.44	2.897	17.0	R	
2hw2	A	17	 	Y	E	0.27	-1.446	2.358	0.26	0.83	3.097	-0.838	1.512	8.0	I	A	74	 	I	E	0.272	-1.703	2.276	-1.239	-0.547	2.131	0.393	0.816	5.0	F	
2hw2	A	20	 	G	E	0.155	-1.717	2.432	-0.384	1.652	1.33	1.045	2.064	8.0	I	A	71	 	R	E	0.327	-2.331	2.563	1.538	-0.055	1.502	0.44	2.897	18.0	S	
2hw2	A	9	 	F	T	0.523	1.371	0.005	-1.006	-0.59	1.891	-0.397	0.412	9.0	J	A	96	 	P	T	0.287	-1.208	-0.403	0.189	2.081	-1.628	0.421	-1.392	15.0	P	
2hw2	A	31	 	L	E	0.079	-1.976	2.155	-1.019	-0.987	-1.505	1.266	-0.912	4.0	E	A	106	 	V	E	0.0	-2.234	2.727	-1.337	-0.279	-0.544	1.242	-1.262	7.0	H	HBOND
2hw2	A	53	 	T	B	0.007	-1.896	2.422	-0.032	0.326	2.213	0.908	1.313	2.0	C	A	97	 	T	T	0.204	-1.425	-0.059	-0.032	0.326	2.213	0.908	1.313	14.0	O	HBOND
2hw2	A	53	 	T	B	0.007	-1.896	2.422	-0.032	0.326	2.213	0.908	1.313	2.0	C	A	97	 	T	T	0.204	-1.425	-0.059	-0.032	0.326	2.213	0.908	1.313	14.0	O	VDW
2hw2	A	74	 	I	E	0.272	-1.703	2.276	-1.239	-0.547	2.131	0.393	0.816	5.0	F	A	110	 	G	E	0.143	-2.976	2.866	-0.384	1.652	1.33	1.045	2.064	5.0	F	HBOND
2hw2	A	129	 	G	H	0.31	-1.037	-0.701	-0.384	1.652	1.33	1.045	2.064	17.0	R	A	132	 	E	H	0.515	-1.105	-0.816	1.357	-1.453	1.477	0.113	-0.837	17.0	R	VDW
2hw2	A	130	 	L	H	0.226	-1.252	-0.701	-1.019	-0.987	-1.505	1.266	-0.912	15.0	P	A	134	 	R	H	0.419	-1.069	-0.725	1.538	-0.055	1.502	0.44	2.897	17.0	R	HBOND
2hw2	A	12	 	H	P	0.212	-1.166	2.523	0.336	-0.417	-1.673	-1.474	-0.078	2.0	C	A	15	 	G	-	0.405	1.211	0.002	-0.384	1.652	1.33	1.045	2.064	13.0	N	HBOND
2hw2	A	22	 	K	S	0.161	-1.826	0.027	1.831	-0.561	0.533	-0.277	1.648	13.0	N	A	62	 	E	H	0.098	-1.254	-0.682	1.357	-1.453	1.477	0.113	-0.837	9.0	J	HBOND
2hw2	A	22	 	K	S	0.161	-1.826	0.027	1.831	-0.561	0.533	-0.277	1.648	13.0	N	A	62	 	E	H	0.098	-1.254	-0.682	1.357	-1.453	1.477	0.113	-0.837	9.0	J	VDW
2hw2	A	123	 	L	H	0.183	-1.141	-0.708	-1.019	-0.987	-1.505	1.266	-0.912	15.0	P	A	126	 	M	H	0.378	-1.142	-0.857	-0.663	-1.524	2.219	-1.005	1.212	17.0	R	
2hw2	A	36	 	E	B	0.624	-1.329	2.489	1.357	-1.453	1.477	0.113	-0.837	0.0	A	A	42	 	G	T	0.667	1.574	-0.283	-0.384	1.652	1.33	1.045	2.064	12.0	M	HBOND
2hw2	A	38	 	N	S	0.459	-1.417	-0.134	0.945	0.828	1.299	-0.169	0.933	9.0	J	A	65	 	A	-	0.604	-1.341	2.629	-0.591	-1.302	-0.733	1.57	-0.146	2.0	C	HBOND
2hw2	A	125	 	A	H	0.604	-1.181	-0.701	-0.591	-1.302	-0.733	1.57	-0.146	17.0	R	A	129	 	G	H	0.31	-1.037	-0.701	-0.384	1.652	1.33	1.045	2.064	17.0	R	HBOND
2hw2	A	132	 	E	H	0.515	-1.105	-0.816	1.357	-1.453	1.477	0.113	-0.837	17.0	R	A	136	 	K	T	0.79	-1.518	0.013	1.831	-0.561	0.533	-0.277	1.648	17.0	R	HBOND
2hw2	A	124	 	A	H	0.292	-1.113	-0.636	-0.591	-1.302	-0.733	1.57	-0.146	17.0	R	A	128	 	Q	H	0.515	-1.021	-0.77	0.931	-0.179	-3.005	-0.503	-1.853	17.0	R	HBOND
2hw2	A	45	 	M	P	0.133	-1.464	2.451	-0.663	-1.524	2.219	-1.005	1.212			A	143	 	D	-	0.245	-2.848		1.05	0.302	-3.656	-0.259	-3.242			VDW
2hw2	A	78	 	E	S	0.412	-1.339	-0.4	1.357	-1.453	1.477	0.113	-0.837	12.0	M	A	107	 	W	E	0.48	-1.828	2.485	-0.595	0.009	0.672	-2.128	-0.184	5.0	F	HBOND
2hw2	A	71	 	R	E	0.327	-2.331	2.563	1.538	-0.055	1.502	0.44	2.897	18.0	S	A	111	 	E	E	0.371	-2.179	2.293	1.357	-1.453	1.477	0.113	-0.837	16.0	Q	VDW
2hw2	A	95	 	N	-	0.134	-2.235	1.209	0.945	0.828	1.299	-0.169	0.933	14.0	O	A	98	 	R	-	0.351	0.911	0.928	1.538	-0.055	1.502	0.44	2.897	14.0	O	HBOND
2hw2	A	119	 	P	P	0.419	-1.066	2.643	0.189	2.081	-1.628	0.421	-1.392	2.0	C	A	123	 	L	H	0.183	-1.141	-0.708	-1.019	-0.987	-1.505	1.266	-0.912	15.0	P	HBOND
2hw2	A	127	 	R	H	0.379	-0.995	-0.85	1.538	-0.055	1.502	0.44	2.897	17.0	R	A	131	 	E	H	0.588	-1.063	-0.658	1.357	-1.453	1.477	0.113	-0.837	17.0	R	HBOND
2hw2	A	54	 	L	H	0.201	-1.123	-0.676	-1.019	-0.987	-1.505	1.266	-0.912	12.0	M	A	57	 	A	H	0.019	-1.179	-0.703	-0.591	-1.302	-0.733	1.57	-0.146	11.0	L	
2hw2	A	30	 	R	E	0.492	-2.009	2.245	1.538	-0.055	1.502	0.44	2.897	8.0	I	A	78	 	E	S	0.412	-1.339	-0.4	1.357	-1.453	1.477	0.113	-0.837	12.0	M	IONIC
2hw2	A	30	 	R	E	0.492	-2.009	2.245	1.538	-0.055	1.502	0.44	2.897	8.0	I	A	78	 	E	S	0.412	-1.339	-0.4	1.357	-1.453	1.477	0.113	-0.837	12.0	M	HBOND
2hw2	A	76	 	E	E	0.588	-2.152	1.954	1.357	-1.453	1.477	0.113	-0.837	0.0	A	A	106	 	V	E	0.0	-2.234	2.727	-1.337	-0.279	-0.544	1.242	-1.262	7.0	H	VDW
2hw2	A	133	 	L	H	0.488	-1.031	-0.721	-1.019	-0.987	-1.505	1.266	-0.912	1.0	B	A	138	 	L	-	0.659	-1.959	0.068	-1.019	-0.987	-1.505	1.266	-0.912	11.0	L	HBOND
2hw2	A	36	 	E	B	0.624	-1.329	2.489	1.357	-1.453	1.477	0.113	-0.837	0.0	A	A	43	 	R	P	0.315	-1.294	2.134	1.538	-0.055	1.502	0.44	2.897	2.0	C	
2hw2	A	49	 	Y	E	0.243	-1.891	2.275	0.26	0.83	3.097	-0.838	1.512	8.0	I	A	142	 	Y	P	0.532	-1.568	2.167	0.26	0.83	3.097	-0.838	1.512			
2hw2	A	121	 	E	H	0.675	-1.219	-0.509	1.357	-1.453	1.477	0.113	-0.837	17.0	R	A	124	 	A	H	0.292	-1.113	-0.636	-0.591	-1.302	-0.733	1.57	-0.146	17.0	R	
2hw2	A	26	 	K	-	0.493	-2.355	2.659	1.831	-0.561	0.533	-0.277	1.648	2.0	C	A	108	 	I	E	0.006	-1.578	2.061	-1.239	-0.547	2.131	0.393	0.816	5.0	F	
2hw2	A	33	 	P	S	0.257	-1.147	2.841	0.189	2.081	-1.628	0.421	-1.392	0.0	A	A	46	 	N	S	0.414	-1.546	-0.323	0.945	0.828	1.299	-0.169	0.933	13.0	N	
2hw2	A	59	 	W	H	0.141	-1.024	-0.657	-0.595	0.009	0.672	-2.128	-0.184	9.0	J	A	62	 	E	H	0.098	-1.254	-0.682	1.357	-1.453	1.477	0.113	-0.837	9.0	J	
2hw2	A	84	 	D	-	0.11	-1.371	2.003	1.05	0.302	-3.656	-0.259	-3.242	13.0	N	A	87	 	V	G	0.423	-2.3	0.336	-1.337	-0.279	-0.544	1.242	-1.262	13.0	N	HBOND
2hw2	A	53	 	T	B	0.007	-1.896	2.422	-0.032	0.326	2.213	0.908	1.313	2.0	C	A	56	 	A	H	0.198	-1.165	-0.608	-0.591	-1.302	-0.733	1.57	-0.146	17.0	R	HBOND
2hw2	A	53	 	T	B	0.007	-1.896	2.422	-0.032	0.326	2.213	0.908	1.313	2.0	C	A	56	 	A	H	0.198	-1.165	-0.608	-0.591	-1.302	-0.733	1.57	-0.146	17.0	R	VDW
2hw2	A	40	 	E	S	0.412	-2.388	1.823	1.357	-1.453	1.477	0.113	-0.837	2.0	C	A	43	 	R	P	0.315	-1.294	2.134	1.538	-0.055	1.502	0.44	2.897	2.0	C	IONIC
2hw2	A	40	 	E	S	0.412	-2.388	1.823	1.357	-1.453	1.477	0.113	-0.837	2.0	C	A	43	 	R	P	0.315	-1.294	2.134	1.538	-0.055	1.502	0.44	2.897	2.0	C	HBOND
2hw2	A	31	 	L	E	0.079	-1.976	2.155	-1.019	-0.987	-1.505	1.266	-0.912	4.0	E	A	35	 	R	P	0.601	-1.395	3.035	1.538	-0.055	1.502	0.44	2.897	2.0	C	
2hw2	A	101	 	R	E	0.133	-2.528	2.713	1.538	-0.055	1.502	0.44	2.897	7.0	H	A	143	 	D	-	0.245	-2.848		1.05	0.302	-3.656	-0.259	-3.242			VDW
2hw2	A	35	 	R	P	0.601	-1.395	3.035	1.538	-0.055	1.502	0.44	2.897	2.0	C	A	45	 	M	P	0.133	-1.464	2.451	-0.663	-1.524	2.219	-1.005	1.212			HBOND
2hw2	A	35	 	R	P	0.601	-1.395	3.035	1.538	-0.055	1.502	0.44	2.897	2.0	C	A	45	 	M	P	0.133	-1.464	2.451	-0.663	-1.524	2.219	-1.005	1.212			VDW
2hw2	A	19	 	H	E	0.136	-2.385	2.02	0.336	-0.417	-1.673	-1.474	-0.078	0.0	A	A	73	 	F	E	0.0	-1.885	2.583	-1.006	-0.59	1.891	-0.397	0.412	4.0	E	HBOND
2hw2	A	134	 	R	H	0.419	-1.069	-0.725	1.538	-0.055	1.502	0.44	2.897	17.0	R	A	137	 	G	T	0.762	1.048	0.638	-0.384	1.652	1.33	1.045	2.064	17.0	R	HBOND
2hw2	A	88	 	T	S	0.077	-2.094	2.171	-0.032	0.326	2.213	0.908	1.313	2.0	C	A	95	 	N	-	0.134	-2.235	1.209	0.945	0.828	1.299	-0.169	0.933	14.0	O	
2hw2	A	59	 	W	H	0.141	-1.024	-0.657	-0.595	0.009	0.672	-2.128	-0.184	9.0	J	A	118	 	H	P	0.06	-1.126	2.614	0.336	-0.417	-1.673	-1.474	-0.078	2.0	C	PIPISTACK
2hw2	A	59	 	W	H	0.141	-1.024	-0.657	-0.595	0.009	0.672	-2.128	-0.184	9.0	J	A	118	 	H	P	0.06	-1.126	2.614	0.336	-0.417	-1.673	-1.474	-0.078	2.0	C	VDW
2hw2	A	48	 	I	E	0.065	-1.754	2.415	-1.239	-0.547	2.131	0.393	0.816	5.0	F	A	102	 	T	E	0.014	-2.441	2.568	-0.032	0.326	2.213	0.908	1.313	2.0	C	HBOND
2hw2	A	25	 	L	-	0.055	-1.507	2.824	-1.019	-0.987	-1.505	1.266	-0.912	2.0	C	A	73	 	F	E	0.0	-1.885	2.583	-1.006	-0.59	1.891	-0.397	0.412	4.0	E	VDW
2hw2	A	30	 	R	E	0.492	-2.009	2.245	1.538	-0.055	1.502	0.44	2.897	8.0	I	A	105	 	P	-	0.066	-1.105	2.817	0.189	2.081	-1.628	0.421	-1.392	10.0	K	
2hw2	A	75	 	V	E	0.007	-2.264	2.72	-1.337	-0.279	-0.544	1.242	-1.262	8.0	I	A	107	 	W	E	0.48	-1.828	2.485	-0.595	0.009	0.672	-2.128	-0.184	5.0	F	
2hw2	A	37	 	S	P	0.069	-0.89	2.488	-0.228	1.399	-4.76	0.67	-2.647	2.0	C	A	43	 	R	P	0.315	-1.294	2.134	1.538	-0.055	1.502	0.44	2.897	2.0	C	HBOND
2hw2	A	37	 	S	P	0.069	-0.89	2.488	-0.228	1.399	-4.76	0.67	-2.647	2.0	C	A	43	 	R	P	0.315	-1.294	2.134	1.538	-0.055	1.502	0.44	2.897	2.0	C	VDW
2hw2	A	56	 	A	H	0.198	-1.165	-0.608	-0.591	-1.302	-0.733	1.57	-0.146	17.0	R	A	59	 	W	H	0.141	-1.024	-0.657	-0.595	0.009	0.672	-2.128	-0.184	9.0	J	
2hw2	A	49	 	Y	E	0.243	-1.891	2.275	0.26	0.83	3.097	-0.838	1.512	8.0	I	A	101	 	R	E	0.133	-2.528	2.713	1.538	-0.055	1.502	0.44	2.897	7.0	H	
2hw2	A	49	 	Y	E	0.243	-1.891	2.275	0.26	0.83	3.097	-0.838	1.512	8.0	I	A	84	 	D	-	0.11	-1.371	2.003	1.05	0.302	-3.656	-0.259	-3.242	13.0	N	
2hw2	A	62	 	E	H	0.098	-1.254	-0.682	1.357	-1.453	1.477	0.113	-0.837	9.0	J	A	117	 	G	P	0.298	-1.245	2.999	-0.384	1.652	1.33	1.045	2.064	6.0	G	
2hw2	A	126	 	M	H	0.378	-1.142	-0.857	-0.663	-1.524	2.219	-1.005	1.212	17.0	R	A	129	 	G	H	0.31	-1.037	-0.701	-0.384	1.652	1.33	1.045	2.064	17.0	R	
2hw2	A	18	 	L	E	0.0	-2.036	2.622	-1.019	-0.987	-1.505	1.266	-0.912	8.0	I	A	50	 	I	E	0.036	-2.421	2.919	-1.239	-0.547	2.131	0.393	0.816	7.0	H	VDW
2hw2	A	89	 	D	S	0.699	0.998	0.641	1.05	0.302	-3.656	-0.259	-3.242	12.0	M	A	92	 	L	S	0.47	-2.347	2.732	-1.019	-0.987	-1.505	1.266	-0.912	2.0	C	
2hw2	A	53	 	T	B	0.007	-1.896	2.422	-0.032	0.326	2.213	0.908	1.313	2.0	C	A	57	 	A	H	0.019	-1.179	-0.703	-0.591	-1.302	-0.733	1.57	-0.146	11.0	L	HBOND
2hw2	A	56	 	A	H	0.198	-1.165	-0.608	-0.591	-1.302	-0.733	1.57	-0.146	17.0	R	A	60	 	G	H	0.333	-1.093	-0.74	-0.384	1.652	1.33	1.045	2.064	14.0	O	HBOND
2hw2	A	58	 	V	H	0.0	-1.106	-0.765	-1.337	-0.279	-0.544	1.242	-1.262	9.0	J	A	61	 	A	H	0.0	-1.135	-0.757	-0.591	-1.302	-0.733	1.57	-0.146	13.0	N	
2hw2	A	11	 	V	B	0.415	-1.306	2.418	-1.337	-0.279	-0.544	1.242	-1.262	4.0	E	A	98	 	R	-	0.351	0.911	0.928	1.538	-0.055	1.502	0.44	2.897	14.0	O	VDW
2hw2	A	19	 	H	E	0.136	-2.385	2.02	0.336	-0.417	-1.673	-1.474	-0.078	0.0	A	A	49	 	Y	E	0.243	-1.891	2.275	0.26	0.83	3.097	-0.838	1.512	8.0	I	HBOND
2hw2	A	22	 	K	S	0.161	-1.826	0.027	1.831	-0.561	0.533	-0.277	1.648	13.0	N	A	66	 	G	S	0.679	2.401	2.798	-0.384	1.652	1.33	1.045	2.064	2.0	C	
2hw2	A	52	 	Q	S	0.096	-1.813	0.125	0.931	-0.179	-3.005	-0.503	-1.853	14.0	O	A	98	 	R	-	0.351	0.911	0.928	1.538	-0.055	1.502	0.44	2.897	14.0	O	HBOND
2hw2	A	52	 	Q	S	0.096	-1.813	0.125	0.931	-0.179	-3.005	-0.503	-1.853	14.0	O	A	98	 	R	-	0.351	0.911	0.928	1.538	-0.055	1.502	0.44	2.897	14.0	O	VDW
2hw2	A	26	 	K	-	0.493	-2.355	2.659	1.831	-0.561	0.533	-0.277	1.648	2.0	C	A	71	 	R	E	0.327	-2.331	2.563	1.538	-0.055	1.502	0.44	2.897	18.0	S	
2hw2	A	62	 	E	H	0.098	-1.254	-0.682	1.357	-1.453	1.477	0.113	-0.837	9.0	J	A	118	 	H	P	0.06	-1.126	2.614	0.336	-0.417	-1.673	-1.474	-0.078	2.0	C	HBOND
2hw2	A	62	 	E	H	0.098	-1.254	-0.682	1.357	-1.453	1.477	0.113	-0.837	9.0	J	A	118	 	H	P	0.06	-1.126	2.614	0.336	-0.417	-1.673	-1.474	-0.078	2.0	C	VDW
2hw2	A	49	 	Y	E	0.243	-1.891	2.275	0.26	0.83	3.097	-0.838	1.512	8.0	I	A	143	 	D	-	0.245	-2.848		1.05	0.302	-3.656	-0.259	-3.242			VDW
2hw2	A	47	 	H	-	0.054	-2.236	2.817	0.336	-0.417	-1.673	-1.474	-0.078	8.0	I	A	101	 	R	E	0.133	-2.528	2.713	1.538	-0.055	1.502	0.44	2.897	7.0	H	PICATION
2hw2	A	130	 	L	H	0.226	-1.252	-0.701	-1.019	-0.987	-1.505	1.266	-0.912	15.0	P	A	133	 	L	H	0.488	-1.031	-0.721	-1.019	-0.987	-1.505	1.266	-0.912	1.0	B	VDW
2hw2	A	120	 	P	H	0.779	-1.002	-0.63	0.189	2.081	-1.628	0.421	-1.392	17.0	R	A	123	 	L	H	0.183	-1.141	-0.708	-1.019	-0.987	-1.505	1.266	-0.912	15.0	P	
2hw2	A	50	 	I	E	0.036	-2.421	2.919	-1.239	-0.547	2.131	0.393	0.816	7.0	H	A	100	 	Y	E	0.14	-2.317	2.985	0.26	0.83	3.097	-0.838	1.512	7.0	H	HBOND
2hw2	A	86	 	N	G	0.318	-1.136	-0.375	0.945	0.828	1.299	-0.169	0.933	17.0	R	A	142	 	Y	P	0.532	-1.568	2.167	0.26	0.83	3.097	-0.838	1.512			HBOND
2hw2	A	118	 	H	P	0.06	-1.126	2.614	0.336	-0.417	-1.673	-1.474	-0.078	2.0	C	A	122	 	Q	H	0.455	-1.261	-0.714	0.931	-0.179	-3.005	-0.503	-1.853	17.0	R	
2hw2	A	58	 	V	H	0.0	-1.106	-0.765	-1.337	-0.279	-0.544	1.242	-1.262	9.0	J	A	62	 	E	H	0.098	-1.254	-0.682	1.357	-1.453	1.477	0.113	-0.837	9.0	J	HBOND
2hw2	A	58	 	V	H	0.0	-1.106	-0.765	-1.337	-0.279	-0.544	1.242	-1.262	9.0	J	A	62	 	E	H	0.098	-1.254	-0.682	1.357	-1.453	1.477	0.113	-0.837	9.0	J	VDW
2hw2	A	59	 	W	H	0.141	-1.024	-0.657	-0.595	0.009	0.672	-2.128	-0.184	9.0	J	A	63	 	L	H	0.122	-1.543	-0.159	-1.019	-0.987	-1.505	1.266	-0.912	15.0	P	HBOND
2hw2	A	25	 	L	-	0.055	-1.507	2.824	-1.019	-0.987	-1.505	1.266	-0.912	2.0	C	A	29	 	D	-	0.393	-1.097	2.586	1.05	0.302	-3.656	-0.259	-3.242	2.0	C	
2hw2	A	80	 	A	-	0.745	-1.119	2.566	-0.591	-1.302	-0.733	1.57	-0.146	2.0	C	A	102	 	T	E	0.014	-2.441	2.568	-0.032	0.326	2.213	0.908	1.313	2.0	C	
2hw2	A	95	 	N	-	0.134	-2.235	1.209	0.945	0.828	1.299	-0.169	0.933	14.0	O	A	99	 	S	E	0.1	-1.793	2.328	-0.228	1.399	-4.76	0.67	-2.647	10.0	K	HBOND
2hw2	A	29	 	D	-	0.393	-1.097	2.586	1.05	0.302	-3.656	-0.259	-3.242	2.0	C	A	107	 	W	E	0.48	-1.828	2.485	-0.595	0.009	0.672	-2.128	-0.184	5.0	F	
2hw2	A	51	 	T	E	0.049	-2.657	2.749	-0.032	0.326	2.213	0.908	1.313	4.0	E	A	56	 	A	H	0.198	-1.165	-0.608	-0.591	-1.302	-0.733	1.57	-0.146	17.0	R	
2hw2	A	57	 	A	H	0.019	-1.179	-0.703	-0.591	-1.302	-0.733	1.57	-0.146	11.0	L	A	61	 	A	H	0.0	-1.135	-0.757	-0.591	-1.302	-0.733	1.57	-0.146	13.0	N	HBOND
2hw2	A	30	 	R	E	0.492	-2.009	2.245	1.538	-0.055	1.502	0.44	2.897	8.0	I	A	106	 	V	E	0.0	-2.234	2.727	-1.337	-0.279	-0.544	1.242	-1.262	7.0	H	
2hw2	A	72	 	I	E	0.0	-2.165	2.124	-1.239	-0.547	2.131	0.393	0.816	10.0	K	A	111	 	E	E	0.371	-2.179	2.293	1.357	-1.453	1.477	0.113	-0.837	16.0	Q	
2hw2	A	129	 	G	H	0.31	-1.037	-0.701	-0.384	1.652	1.33	1.045	2.064	17.0	R	A	133	 	L	H	0.488	-1.031	-0.721	-1.019	-0.987	-1.505	1.266	-0.912	1.0	B	HBOND
2hw2	A	129	 	G	H	0.31	-1.037	-0.701	-0.384	1.652	1.33	1.045	2.064	17.0	R	A	133	 	L	H	0.488	-1.031	-0.721	-1.019	-0.987	-1.505	1.266	-0.912	1.0	B	VDW
2hw2	A	24	 	E	-	0.763	-1.422	1.089	1.357	-1.453	1.477	0.113	-0.837	2.0	C	A	71	 	R	E	0.327	-2.331	2.563	1.538	-0.055	1.502	0.44	2.897	18.0	S	VDW
2hw2	A	128	 	Q	H	0.515	-1.021	-0.77	0.931	-0.179	-3.005	-0.503	-1.853	17.0	R	A	131	 	E	H	0.588	-1.063	-0.658	1.357	-1.453	1.477	0.113	-0.837	17.0	R	
2hw2	A	131	 	E	H	0.588	-1.063	-0.658	1.357	-1.453	1.477	0.113	-0.837	17.0	R	A	134	 	R	H	0.419	-1.069	-0.725	1.538	-0.055	1.502	0.44	2.897	17.0	R	
2hw2	A	83	 	D	E	0.497	-0.983	2.487	1.05	0.302	-3.656	-0.259	-3.242	0.0	A	A	95	 	N	-	0.134	-2.235	1.209	0.945	0.828	1.299	-0.169	0.933	14.0	O	HBOND
2hw2	A	18	 	L	E	0.0	-2.036	2.622	-1.019	-0.987	-1.505	1.266	-0.912	8.0	I	A	51	 	T	E	0.049	-2.657	2.749	-0.032	0.326	2.213	0.908	1.313	4.0	E	HBOND
2hw2	A	18	 	L	E	0.0	-2.036	2.622	-1.019	-0.987	-1.505	1.266	-0.912	8.0	I	A	51	 	T	E	0.049	-2.657	2.749	-0.032	0.326	2.213	0.908	1.313	4.0	E	VDW
2hw2	A	73	 	F	E	0.0	-1.885	2.583	-1.006	-0.59	1.891	-0.397	0.412	4.0	E	A	110	 	G	E	0.143	-2.976	2.866	-0.384	1.652	1.33	1.045	2.064	5.0	F	VDW
2hw2	A	37	 	S	P	0.069	-0.89	2.488	-0.228	1.399	-4.76	0.67	-2.647	2.0	C	A	40	 	E	S	0.412	-2.388	1.823	1.357	-1.453	1.477	0.113	-0.837	2.0	C	HBOND
2hw2	A	82	 	E	E	0.495	-2.45	2.803	1.357	-1.453	1.477	0.113	-0.837	2.0	C	A	100	 	Y	E	0.14	-2.317	2.985	0.26	0.83	3.097	-0.838	1.512	7.0	H	
2hw2	A	122	 	Q	H	0.455	-1.261	-0.714	0.931	-0.179	-3.005	-0.503	-1.853	17.0	R	A	126	 	M	H	0.378	-1.142	-0.857	-0.663	-1.524	2.219	-1.005	1.212	17.0	R	HBOND
2hw2	A	122	 	Q	H	0.455	-1.261	-0.714	0.931	-0.179	-3.005	-0.503	-1.853	17.0	R	A	126	 	M	H	0.378	-1.142	-0.857	-0.663	-1.524	2.219	-1.005	1.212	17.0	R	VDW
2hw2	A	132	 	E	H	0.515	-1.105	-0.816	1.357	-1.453	1.477	0.113	-0.837	17.0	R	A	135	 	R	H	0.718	-1.219	-0.538	1.538	-0.055	1.502	0.44	2.897	17.0	R	HBOND
2hw2	A	132	 	E	H	0.515	-1.105	-0.816	1.357	-1.453	1.477	0.113	-0.837	17.0	R	A	135	 	R	H	0.718	-1.219	-0.538	1.538	-0.055	1.502	0.44	2.897	17.0	R	VDW
2hw2	A	46	 	N	S	0.414	-1.546	-0.323	0.945	0.828	1.299	-0.169	0.933	13.0	N	A	143	 	D	-	0.245	-2.848		1.05	0.302	-3.656	-0.259	-3.242			HBOND
2hw2	A	46	 	N	S	0.414	-1.546	-0.323	0.945	0.828	1.299	-0.169	0.933	13.0	N	A	143	 	D	-	0.245	-2.848		1.05	0.302	-3.656	-0.259	-3.242			VDW
2hw2	A	28	 	G	T	0.548	1.874	-0.29	-0.384	1.652	1.33	1.045	2.064	4.0	E	A	108	 	I	E	0.006	-1.578	2.061	-1.239	-0.547	2.131	0.393	0.816	5.0	F	HBOND
2hw2	A	17	 	Y	E	0.27	-1.446	2.358	0.26	0.83	3.097	-0.838	1.512	8.0	I	A	75	 	V	E	0.007	-2.264	2.72	-1.337	-0.279	-0.544	1.242	-1.262	8.0	I	HBOND
