pdb_id	s_ch	s_resi	s_ins	s_resn	s_ss8	s_rsa	s_phi	s_psi	s_a1	s_a2	s_a3	s_a4	s_a5	s_3di_state	s_3di_letter	t_ch	t_resi	t_ins	t_resn	t_ss8	t_rsa	t_phi	t_psi	t_a1	t_a2	t_a3	t_a4	t_a5	t_3di_state	t_3di_letter	Interaction
6rw0	A	338	 	Q	-	0.232	-1.949	2.852	0.931	-0.179	-3.005	-0.503	-1.853	2.0	C	A	341	 	G	S	0.619	1.516	-0.134	-0.384	1.652	1.33	1.045	2.064	5.0	F	HBOND
6rw0	A	352	 	F	-	0.0	-1.633	-0.058	-1.006	-0.59	1.891	-0.397	0.412	15.0	P	A	364	 	I	H	0.006	-1.034	-0.837	-1.239	-0.547	2.131	0.393	0.816	17.0	R	
6rw0	A	505	 	K	E	0.527	-1.751	2.257	1.831	-0.561	0.533	-0.277	1.648	0.0	A	A	543	 	E	E	0.505	-1.313	2.381	1.357	-1.453	1.477	0.113	-0.837	11.0	L	IONIC
6rw0	A	206	 	K	H	0.756	-1.079	-0.711	1.831	-0.561	0.533	-0.277	1.648	17.0	R	A	210	 	H	H	0.783	-1.09	-0.805	0.336	-0.417	-1.673	-1.474	-0.078	17.0	R	HBOND
6rw0	A	206	 	K	H	0.756	-1.079	-0.711	1.831	-0.561	0.533	-0.277	1.648	17.0	R	A	210	 	H	H	0.783	-1.09	-0.805	0.336	-0.417	-1.673	-1.474	-0.078	17.0	R	VDW
6rw0	A	407	 	C	S	0.0	1.104	0.671	-1.343	0.465	-0.862	-1.02	-0.255	15.0	P	A	447	 	H	-	0.06	-2.459	2.889	0.336	-0.417	-1.673	-1.474	-0.078	6.0	G	
6rw0	A	199	 	F	H	0.36	-1.514	-0.792	-1.006	-0.59	1.891	-0.397	0.412	13.0	N	A	526	 	N	-	0.089	-2.445	-3.062	0.945	0.828	1.299	-0.169	0.933	19.0	T	
6rw0	A	469	 	T	E	0.049	-2.57	2.58	-0.032	0.326	2.213	0.908	1.313	4.0	E	A	475	 	A	E	0.151	-2.504	1.755	-0.591	-1.302	-0.733	1.57	-0.146	16.0	Q	
6rw0	A	264	 	S	E	0.431	-1.848	2.682	-0.228	1.399	-4.76	0.67	-2.647	2.0	C	A	293	 	Q	E	0.293	-1.851	2.025	0.931	-0.179	-3.005	-0.503	-1.853	6.0	G	HBOND
6rw0	A	264	 	S	E	0.431	-1.848	2.682	-0.228	1.399	-4.76	0.67	-2.647	2.0	C	A	293	 	Q	E	0.293	-1.851	2.025	0.931	-0.179	-3.005	-0.503	-1.853	6.0	G	VDW
6rw0	A	177	 	Q	H	0.051	-1.059	-0.737	0.931	-0.179	-3.005	-0.503	-1.853	9.0	J	A	180	 	L	H	0.037	-1.036	-0.888	-1.019	-0.987	-1.505	1.266	-0.912	1.0	B	
6rw0	A	355	 	V	-	0.162	-1.764	2.839	-1.337	-0.279	-0.544	1.242	-1.262	0.0	A	A	381	 	G	-	0.369	1.335	0.105	-0.384	1.652	1.33	1.045	2.064	17.0	R	
6rw0	A	226	 	Y	I	0.072	-1.079	-0.827	0.26	0.83	3.097	-0.838	1.512	1.0	B	A	243	 	Y	E	0.212	-2.115	2.592	0.26	0.83	3.097	-0.838	1.512	18.0	S	PIPISTACK
6rw0	A	226	 	Y	I	0.072	-1.079	-0.827	0.26	0.83	3.097	-0.838	1.512	1.0	B	A	243	 	Y	E	0.212	-2.115	2.592	0.26	0.83	3.097	-0.838	1.512	18.0	S	VDW
6rw0	A	171	 	S	E	0.008	-1.998	2.147	-0.228	1.399	-4.76	0.67	-2.647	3.0	D	A	536	 	L	E	0.006	-1.734	2.52	-1.019	-0.987	-1.505	1.266	-0.912	7.0	H	HBOND
6rw0	A	171	 	S	E	0.008	-1.998	2.147	-0.228	1.399	-4.76	0.67	-2.647	3.0	D	A	536	 	L	E	0.006	-1.734	2.52	-1.019	-0.987	-1.505	1.266	-0.912	7.0	H	VDW
6rw0	A	219	 	Q	E	0.0	-2.145	2.828	0.931	-0.179	-3.005	-0.503	-1.853	18.0	S	A	308	 	N	E	0.0	-2.557	2.455	0.945	0.828	1.299	-0.169	0.933	3.0	D	HBOND
6rw0	A	166	 	D	E	0.123	-1.881	2.426	1.05	0.302	-3.656	-0.259	-3.242	8.0	I	A	541	 	R	E	0.27	-2.156	2.232	1.538	-0.055	1.502	0.44	2.897	10.0	K	IONIC
6rw0	A	166	 	D	E	0.123	-1.881	2.426	1.05	0.302	-3.656	-0.259	-3.242	8.0	I	A	541	 	R	E	0.27	-2.156	2.232	1.538	-0.055	1.502	0.44	2.897	10.0	K	HBOND
6rw0	A	275	 	R	-	0.258	-2.099	1.986	1.538	-0.055	1.502	0.44	2.897	2.0	C	A	281	 	L	-	0.006	-1.686	1.105	-1.019	-0.987	-1.505	1.266	-0.912	15.0	P	HBOND
6rw0	A	325	 	L	H	0.0	-1.011	-0.781	-1.019	-0.987	-1.505	1.266	-0.912	17.0	R	A	328	 	L	H	0.0	-1.11	-0.803	-1.019	-0.987	-1.505	1.266	-0.912	14.0	O	
6rw0	A	278	 	I	-	0.03	-2.31	1.874	-1.239	-0.547	2.131	0.393	0.816	4.0	E	A	401	 	L	G	0.043	-1.13	-0.62	-1.019	-0.987	-1.505	1.266	-0.912	17.0	R	
6rw0	A	294	 	P	E	0.029	-0.996	2.407	0.189	2.081	-1.628	0.421	-1.392	16.0	Q	A	301	 	C	-	0.563		2.303	-1.343	0.465	-0.862	-1.02	-0.255	0.0	A	
6rw0	A	232	 	P	H	0.404	-1.067	-0.698	0.189	2.081	-1.628	0.421	-1.392	17.0	R	A	236	 	S	H	0.869	-1.205	-0.457	-0.228	1.399	-4.76	0.67	-2.647	17.0	R	HBOND
6rw0	A	232	 	P	H	0.404	-1.067	-0.698	0.189	2.081	-1.628	0.421	-1.392	17.0	R	A	236	 	S	H	0.869	-1.205	-0.457	-0.228	1.399	-4.76	0.67	-2.647	17.0	R	VDW
6rw0	A	271	 	V	E	0.063	-2.285	2.173	-1.337	-0.279	-0.544	1.242	-1.262	0.0	A	A	331	 	E	H	0.149	-1.094	-0.758	1.357	-1.453	1.477	0.113	-0.837	17.0	R	
6rw0	A	263	 	F	E	0.01	-2.579	2.71	-1.006	-0.59	1.891	-0.397	0.412	18.0	S	A	304	 	I	E	0.006	-2.115	2.328	-1.239	-0.547	2.131	0.393	0.816	3.0	D	
6rw0	A	273	 	F	-	0.0	-1.426	-0.245	-1.006	-0.59	1.891	-0.397	0.412	13.0	N	A	287	 	G	E	0.0	-2.454	3.037	-0.384	1.652	1.33	1.045	2.064	8.0	I	
6rw0	A	175	 	L	-	0.012	1.278	1.869	-1.019	-0.987	-1.505	1.266	-0.912	0.0	A	A	200	 	R	H	0.0	-1.274	-0.763	1.538	-0.055	1.502	0.44	2.897	14.0	O	HBOND
6rw0	A	175	 	L	-	0.012	1.278	1.869	-1.019	-0.987	-1.505	1.266	-0.912	0.0	A	A	200	 	R	H	0.0	-1.274	-0.763	1.538	-0.055	1.502	0.44	2.897	14.0	O	VDW
6rw0	A	280	 	L	T	0.195	-0.986	-0.708	-1.019	-0.987	-1.505	1.266	-0.912	9.0	J	A	396	 	I	S	0.065	-1.181	-0.709	-1.239	-0.547	2.131	0.393	0.816	15.0	P	
6rw0	A	333	 	S	H	0.146	-1.055	-0.588	-0.228	1.399	-4.76	0.67	-2.647	17.0	R	A	449	 	F	-	0.107	-1.661	2.902	-1.006	-0.59	1.891	-0.397	0.412	0.0	A	
6rw0	A	355	 	V	-	0.162	-1.764	2.839	-1.337	-0.279	-0.544	1.242	-1.262	0.0	A	A	358	 	S	S	0.046	-1.163	2.837	-0.228	1.399	-4.76	0.67	-2.647	13.0	N	HBOND
6rw0	A	355	 	V	-	0.162	-1.764	2.839	-1.337	-0.279	-0.544	1.242	-1.262	0.0	A	A	358	 	S	S	0.046	-1.163	2.837	-0.228	1.399	-4.76	0.67	-2.647	13.0	N	VDW
6rw0	A	275	 	R	-	0.258	-2.099	1.986	1.538	-0.055	1.502	0.44	2.897	2.0	C	A	400	 	N	G	0.369	-1.271	-0.179	0.945	0.828	1.299	-0.169	0.933	17.0	R	HBOND
6rw0	A	345	 	P	P	0.007	-1.014	2.453	0.189	2.081	-1.628	0.421	-1.392	8.0	I	A	502	 	G	-	0.667		1.219	-0.384	1.652	1.33	1.045	2.064	11.0	L	VDW
6rw0	A	351	 	D	E	0.012	-1.769	1.844	1.05	0.302	-3.656	-0.259	-3.242	13.0	N	A	533	 	H	B	0.049	-2.043	2.796	0.336	-0.417	-1.673	-1.474	-0.078	5.0	F	
6rw0	A	216	 	L	E	0.0	-2.039	2.238	-1.019	-0.987	-1.505	1.266	-0.912	19.0	T	A	234	 	L	H	0.012	-1.212	-0.691	-1.019	-0.987	-1.505	1.266	-0.912	17.0	R	
6rw0	A	217	 	C	E	0.0	-2.019	1.859	-1.343	0.465	-0.862	-1.02	-0.255	8.0	I	A	256	 	I	E	0.0	-2.11	2.184	-1.239	-0.547	2.131	0.393	0.816	10.0	K	
6rw0	A	468	 	T	S	0.0	-2.088	-0.077	-0.032	0.326	2.213	0.908	1.313	4.0	E	A	478	 	V	-	0.021	-2.254	-0.12	-1.337	-0.279	-0.544	1.242	-1.262	14.0	O	HBOND
6rw0	A	468	 	T	S	0.0	-2.088	-0.077	-0.032	0.326	2.213	0.908	1.313	4.0	E	A	478	 	V	-	0.021	-2.254	-0.12	-1.337	-0.279	-0.544	1.242	-1.262	14.0	O	VDW
6rw0	A	483	 	Y	E	0.113	-2.598	2.658	0.26	0.83	3.097	-0.838	1.512	7.0	H	A	540	 	F	E	0.0	-2.035	2.733	-1.006	-0.59	1.891	-0.397	0.412	7.0	H	PIPISTACK
6rw0	A	483	 	Y	E	0.113	-2.598	2.658	0.26	0.83	3.097	-0.838	1.512	7.0	H	A	540	 	F	E	0.0	-2.035	2.733	-1.006	-0.59	1.891	-0.397	0.412	7.0	H	VDW
6rw0	A	234	 	L	H	0.012	-1.212	-0.691	-1.019	-0.987	-1.505	1.266	-0.912	17.0	R	A	238	 	G	T	0.226	1.755	0.245	-0.384	1.652	1.33	1.045	2.064	13.0	N	
6rw0	A	179	 	L	H	0.159	-1.226	-0.591	-1.019	-0.987	-1.505	1.266	-0.912	17.0	R	A	251	 	P	-	0.213	-1.64	-0.06	0.189	2.081	-1.628	0.421	-1.392	5.0	F	
6rw0	A	319	 	D	H	0.025	-1.074	-0.811	1.05	0.302	-3.656	-0.259	-3.242	9.0	J	A	323	 	T	H	0.0	-1.246	-0.718	-0.032	0.326	2.213	0.908	1.313	15.0	P	HBOND
6rw0	A	177	 	Q	H	0.051	-1.059	-0.737	0.931	-0.179	-3.005	-0.503	-1.853	9.0	J	A	225	 	H	H	0.168	-1.132	-0.602	0.336	-0.417	-1.673	-1.474	-0.078	1.0	B	
6rw0	A	507	 	L	E	0.207	-1.556	-0.681	-1.019	-0.987	-1.505	1.266	-0.912	5.0	F	A	541	 	R	E	0.27	-2.156	2.232	1.538	-0.055	1.502	0.44	2.897	10.0	K	
6rw0	A	316	 	R	T	0.605	-1.206	-0.606	1.538	-0.055	1.502	0.44	2.897	13.0	N	A	376	 	I	G	0.012	-1.052	-0.561	-1.239	-0.547	2.131	0.393	0.816	14.0	O	VDW
6rw0	A	481	 	I	E	0.0	-2.084	1.971	-1.239	-0.547	2.131	0.393	0.816	7.0	H	A	536	 	L	E	0.006	-1.734	2.52	-1.019	-0.987	-1.505	1.266	-0.912	7.0	H	
6rw0	A	246	 	R	-	0.145	-0.985	2.669	1.538	-0.055	1.502	0.44	2.897	4.0	E	A	286	 	V	E	0.014	-2.467	2.955	-1.337	-0.279	-0.544	1.242	-1.262	7.0	H	
6rw0	A	133	 	R	-	0.206	-1.753	2.098	1.538	-0.055	1.502	0.44	2.897	18.0	S	A	510	 	L	E	0.024	-1.608	1.992	-1.019	-0.987	-1.505	1.266	-0.912	16.0	Q	HBOND
6rw0	A	133	 	R	-	0.206	-1.753	2.098	1.538	-0.055	1.502	0.44	2.897	18.0	S	A	510	 	L	E	0.024	-1.608	1.992	-1.019	-0.987	-1.505	1.266	-0.912	16.0	Q	VDW
6rw0	A	306	 	V	E	0.007	-2.001	2.185	-1.337	-0.279	-0.544	1.242	-1.262	3.0	D	A	347	 	V	E	0.0	-2.131	2.093	-1.337	-0.279	-0.544	1.242	-1.262	8.0	I	
6rw0	A	506	 	L	E	0.128	-1.424	2.04	-1.019	-0.987	-1.505	1.266	-0.912	18.0	S	A	538	 	A	E	0.0	-2.389	2.624	-0.591	-1.302	-0.733	1.57	-0.146	16.0	Q	
6rw0	A	203	 	N	H	0.229	-1.163	-0.764	0.945	0.828	1.299	-0.169	0.933	9.0	J	A	527	 	E	S	0.495	-1.169	-0.281	1.357	-1.453	1.477	0.113	-0.837	15.0	P	HBOND
6rw0	A	360	 	L	H	0.012	-1.126	-0.766	-1.019	-0.987	-1.505	1.266	-0.912	1.0	B	A	380	 	S	S	0.0	-1.607	-0.338	-0.228	1.399	-4.76	0.67	-2.647	14.0	O	
6rw0	A	302	 	P	-	0.309	-1.23	2.795	0.189	2.081	-1.628	0.421	-1.392	0.0	A	A	338	 	Q	-	0.232	-1.949	2.852	0.931	-0.179	-3.005	-0.503	-1.853	2.0	C	
6rw0	A	175	 	L	-	0.012	1.278	1.869	-1.019	-0.987	-1.505	1.266	-0.912	0.0	A	A	525	 	P	S	0.0	-1.149	2.811	0.189	2.081	-1.628	0.421	-1.392	12.0	M	
6rw0	A	275	 	R	-	0.258	-2.099	1.986	1.538	-0.055	1.502	0.44	2.897	2.0	C	A	278	 	I	-	0.03	-2.31	1.874	-1.239	-0.547	2.131	0.393	0.816	4.0	E	HBOND
6rw0	A	516	 	Q	H	0.747	-1.104	-0.7	0.931	-0.179	-3.005	-0.503	-1.853	17.0	R	A	520	 	T	H	0.627	-1.084	-0.542	-0.032	0.326	2.213	0.908	1.313	17.0	R	HBOND
6rw0	A	235	 	E	H	0.541	-1.06	-0.549	1.357	-1.453	1.477	0.113	-0.837	17.0	R	A	240	 	H	E	0.261	-1.611	2.287	0.336	-0.417	-1.673	-1.474	-0.078	2.0	C	
6rw0	A	268	 	V	E	0.38	-2.111	2.202	-1.337	-0.279	-0.544	1.242	-1.262	8.0	I	A	289	 	V	E	0.0	-2.257	2.15	-1.337	-0.279	-0.544	1.242	-1.262	18.0	S	
6rw0	A	200	 	R	H	0.0	-1.274	-0.763	1.538	-0.055	1.502	0.44	2.897	14.0	O	A	204	 	I	H	0.012	-1.114	-0.78	-1.239	-0.547	2.131	0.393	0.816	17.0	R	HBOND
6rw0	A	244	 	K	E	0.195	-2.422	1.95	1.831	-0.561	0.533	-0.277	1.648	2.0	C	A	272	 	E	E	0.49	-1.834	2.125	1.357	-1.453	1.477	0.113	-0.837	4.0	E	IONIC
6rw0	A	244	 	K	E	0.195	-2.422	1.95	1.831	-0.561	0.533	-0.277	1.648	2.0	C	A	272	 	E	E	0.49	-1.834	2.125	1.357	-1.453	1.477	0.113	-0.837	4.0	E	HBOND
6rw0	A	191	 	R	-	0.54	-1.08	2.344	1.538	-0.055	1.502	0.44	2.897	2.0	C	A	527	 	E	S	0.495	-1.169	-0.281	1.357	-1.453	1.477	0.113	-0.837	15.0	P	HBOND
6rw0	A	508	 	A	E	0.019	-2.838	2.776	-0.591	-1.302	-0.733	1.57	-0.146	7.0	H	A	539	 	K	E	0.41	-2.003	2.243	1.831	-0.561	0.533	-0.277	1.648	10.0	K	HBOND
6rw0	A	346	 	I	E	0.012	-2.116	2.359	-1.239	-0.547	2.131	0.393	0.816	19.0	T	A	449	 	F	-	0.107	-1.661	2.902	-1.006	-0.59	1.891	-0.397	0.412	0.0	A	
6rw0	A	179	 	L	H	0.159	-1.226	-0.591	-1.019	-0.987	-1.505	1.266	-0.912	17.0	R	A	220	 	E	E	0.103	1.034	0.677	1.357	-1.453	1.477	0.113	-0.837	4.0	E	VDW
6rw0	A	132	 	K	-	0.649	-2.487	2.559	1.831	-0.561	0.533	-0.277	1.648	4.0	E	A	513	 	L	B	0.085	-2.248	2.911	-1.019	-0.987	-1.505	1.266	-0.912	5.0	F	
6rw0	A	518	 	L	H	0.006	-1.199	-0.656	-1.019	-0.987	-1.505	1.266	-0.912	13.0	N	A	521	 	V	T	0.401	-1.683	0.353	-1.337	-0.279	-0.544	1.242	-1.262	13.0	N	VDW
6rw0	A	483	 	Y	E	0.113	-2.598	2.658	0.26	0.83	3.097	-0.838	1.512	7.0	H	A	506	 	L	E	0.128	-1.424	2.04	-1.019	-0.987	-1.505	1.266	-0.912	18.0	S	
6rw0	A	207	 	E	H	0.144	-1.092	-0.816	1.357	-1.453	1.477	0.113	-0.837	17.0	R	A	210	 	H	H	0.783	-1.09	-0.805	0.336	-0.417	-1.673	-1.474	-0.078	17.0	R	
6rw0	A	202	 	P	H	0.507	-0.987	-0.645	0.189	2.081	-1.628	0.421	-1.392	17.0	R	A	205	 	L	H	0.262	-1.113	-0.689	-1.019	-0.987	-1.505	1.266	-0.912	9.0	J	
6rw0	A	171	 	S	E	0.008	-1.998	2.147	-0.228	1.399	-4.76	0.67	-2.647	3.0	D	A	349	 	C	E	0.0	-1.922	2.806	-1.343	0.465	-0.862	-1.02	-0.255	18.0	S	VDW
6rw0	A	227	 	G	I	0.607	-1.185	-0.685	-0.384	1.652	1.33	1.045	2.064	17.0	R	A	232	 	P	H	0.404	-1.067	-0.698	0.189	2.081	-1.628	0.421	-1.392	17.0	R	
6rw0	A	312	 	L	-	0.085	-0.786	2.34	-1.019	-0.987	-1.505	1.266	-0.912	2.0	C	A	317	 	R	-	0.145	-1.548	1.165	1.538	-0.055	1.502	0.44	2.897	0.0	A	
6rw0	A	330	 	A	H	0.0	-1.121	-0.716	-0.591	-1.302	-0.733	1.57	-0.146	13.0	N	A	407	 	C	S	0.0	1.104	0.671	-1.343	0.465	-0.862	-1.02	-0.255	15.0	P	VDW
6rw0	A	468	 	T	S	0.0	-2.088	-0.077	-0.032	0.326	2.213	0.908	1.313	4.0	E	A	533	 	H	B	0.049	-2.043	2.796	0.336	-0.417	-1.673	-1.474	-0.078	5.0	F	
6rw0	A	331	 	E	H	0.149	-1.094	-0.758	1.357	-1.453	1.477	0.113	-0.837	17.0	R	A	409	 	Y	B	0.477	-1.076	2.535	0.26	0.83	3.097	-0.838	1.512	5.0	F	VDW
6rw0	A	397	 	W	S	0.035	-2.158	2.714	-0.595	0.009	0.672	-2.128	-0.184	5.0	F	A	401	 	L	G	0.043	-1.13	-0.62	-1.019	-0.987	-1.505	1.266	-0.912	17.0	R	
6rw0	A	470	 	C	E	0.0	-2.781	1.619	-1.343	0.465	-0.862	-1.02	-0.255	18.0	S	A	475	 	A	E	0.151	-2.504	1.755	-0.591	-1.302	-0.733	1.57	-0.146	16.0	Q	
6rw0	A	307	 	A	E	0.0	-2.107	2.604	-0.591	-1.302	-0.733	1.57	-0.146	7.0	H	A	349	 	C	E	0.0	-1.922	2.806	-1.343	0.465	-0.862	-1.02	-0.255	18.0	S	HBOND
6rw0	A	478	 	V	-	0.021	-2.254	-0.12	-1.337	-0.279	-0.544	1.242	-1.262	14.0	O	A	533	 	H	B	0.049	-2.043	2.796	0.336	-0.417	-1.673	-1.474	-0.078	5.0	F	
6rw0	A	267	 	S	E	0.277	-2.785	2.681	-0.228	1.399	-4.76	0.67	-2.647	2.0	C	A	291	 	L	E	0.177	-1.94	2.106	-1.019	-0.987	-1.505	1.266	-0.912	18.0	S	HBOND
6rw0	A	267	 	S	E	0.277	-2.785	2.681	-0.228	1.399	-4.76	0.67	-2.647	2.0	C	A	291	 	L	E	0.177	-1.94	2.106	-1.019	-0.987	-1.505	1.266	-0.912	18.0	S	VDW
6rw0	A	260	 	H	T	0.505	-1.245	-0.361	0.336	-0.417	-1.673	-1.474	-0.078	12.0	M	A	295	 	K	-	0.517	-1.557	1.542	1.831	-0.561	0.533	-0.277	1.648	17.0	R	HBOND
6rw0	A	260	 	H	T	0.505	-1.245	-0.361	0.336	-0.417	-1.673	-1.474	-0.078	12.0	M	A	295	 	K	-	0.517	-1.557	1.542	1.831	-0.561	0.533	-0.277	1.648	17.0	R	VDW
6rw0	A	397	 	W	S	0.035	-2.158	2.714	-0.595	0.009	0.672	-2.128	-0.184	5.0	F	A	445	 	L	E	0.0	-1.856	2.575	-1.019	-0.987	-1.505	1.266	-0.912	14.0	O	
6rw0	A	197	 	W	H	0.101	-1.052	-0.562	-0.595	0.009	0.672	-2.128	-0.184	12.0	M	A	229	 	E	I	0.314	-2.415	-0.867	1.357	-1.453	1.477	0.113	-0.837	12.0	M	HBOND
6rw0	A	451	 	L	E	0.049	-1.976	2.379	-1.019	-0.987	-1.505	1.266	-0.912	8.0	I	A	482	 	F	E	0.0	-1.786	2.599	-1.006	-0.59	1.891	-0.397	0.412	7.0	H	
6rw0	A	133	 	R	-	0.206	-1.753	2.098	1.538	-0.055	1.502	0.44	2.897	18.0	S	A	511	 	S	-	0.031	-1.079	2.602	-0.228	1.399	-4.76	0.67	-2.647	2.0	C	HBOND
6rw0	A	133	 	R	-	0.206	-1.753	2.098	1.538	-0.055	1.502	0.44	2.897	18.0	S	A	511	 	S	-	0.031	-1.079	2.602	-0.228	1.399	-4.76	0.67	-2.647	2.0	C	VDW
6rw0	A	356	 	P	T	0.169	-1.027	2.403	0.189	2.081	-1.628	0.421	-1.392	12.0	M	A	457	 	H	S	0.054	1.438	-0.165	0.336	-0.417	-1.673	-1.474	-0.078	13.0	N	
6rw0	A	175	 	L	-	0.012	1.278	1.869	-1.019	-0.987	-1.505	1.266	-0.912	0.0	A	A	187	 	Y	G	0.041	-2.073	0.35	0.26	0.83	3.097	-0.838	1.512	0.0	A	
6rw0	A	246	 	R	-	0.145	-0.985	2.669	1.538	-0.055	1.502	0.44	2.897	4.0	E	A	253	 	G	E	0.036	-2.916	-2.862	-0.384	1.652	1.33	1.045	2.064	0.0	A	
6rw0	A	218	 	L	E	0.006	-1.929	2.533	-1.019	-0.987	-1.505	1.266	-0.912	19.0	T	A	254	 	C	E	0.007	-1.788	2.543	-1.343	0.465	-0.862	-1.02	-0.255	7.0	H	
6rw0	A	165	 	F	E	0.036	-2.187	2.074	-1.006	-0.59	1.891	-0.397	0.412	0.0	A	A	262	 	K	T	0.259	-1.742	-0.445	1.831	-0.561	0.533	-0.277	1.648	4.0	E	PICATION
6rw0	A	222	 	Q	E	0.025	-1.403	2.333	0.931	-0.179	-3.005	-0.503	-1.853	4.0	E	A	252	 	D	E	0.006	-2.424	2.955	1.05	0.302	-3.656	-0.259	-3.242	7.0	H	
6rw0	A	319	 	D	H	0.025	-1.074	-0.811	1.05	0.302	-3.656	-0.259	-3.242	9.0	J	A	392	 	L	P	0.049	-0.916	2.434	-1.019	-0.987	-1.505	1.266	-0.912	0.0	A	
6rw0	A	311	 	L	-	0.0	-1.368	2.766	-1.019	-0.987	-1.505	1.266	-0.912	0.0	A	A	324	 	Q	H	0.005	-1.017	-0.824	0.931	-0.179	-3.005	-0.503	-1.853	14.0	O	
6rw0	A	273	 	F	-	0.0	-1.426	-0.245	-1.006	-0.59	1.891	-0.397	0.412	13.0	N	A	281	 	L	-	0.006	-1.686	1.105	-1.019	-0.987	-1.505	1.266	-0.912	15.0	P	
6rw0	A	273	 	F	-	0.0	-1.426	-0.245	-1.006	-0.59	1.891	-0.397	0.412	13.0	N	A	285	 	N	-	0.038	-1.196	2.789	0.945	0.828	1.299	-0.169	0.933	18.0	S	HBOND
6rw0	A	273	 	F	-	0.0	-1.426	-0.245	-1.006	-0.59	1.891	-0.397	0.412	13.0	N	A	285	 	N	-	0.038	-1.196	2.789	0.945	0.828	1.299	-0.169	0.933	18.0	S	VDW
6rw0	A	352	 	F	-	0.0	-1.633	-0.058	-1.006	-0.59	1.891	-0.397	0.412	15.0	P	A	482	 	F	E	0.0	-1.786	2.599	-1.006	-0.59	1.891	-0.397	0.412	7.0	H	PIPISTACK
6rw0	A	289	 	V	E	0.0	-2.257	2.15	-1.337	-0.279	-0.544	1.242	-1.262	18.0	S	A	328	 	L	H	0.0	-1.11	-0.803	-1.019	-0.987	-1.505	1.266	-0.912	14.0	O	
6rw0	A	281	 	L	-	0.006	-1.686	1.105	-1.019	-0.987	-1.505	1.266	-0.912	15.0	P	A	327	 	M	H	0.064	-1.131	-0.733	-0.663	-1.524	2.219	-1.005	1.212	14.0	O	
6rw0	A	268	 	V	E	0.38	-2.111	2.202	-1.337	-0.279	-0.544	1.242	-1.262	8.0	I	A	290	 	L	E	0.0	-1.914	2.576	-1.019	-0.987	-1.505	1.266	-0.912	16.0	Q	
6rw0	A	318	 	G	H	0.012	-1.203	-0.488	-0.384	1.652	1.33	1.045	2.064	13.0	N	A	376	 	I	G	0.012	-1.052	-0.561	-1.239	-0.547	2.131	0.393	0.816	14.0	O	HBOND
6rw0	A	170	 	M	E	0.0	-2.003	2.279	-0.663	-1.524	2.219	-1.005	1.212	8.0	I	A	213	 	A	-	0.0	-1.25	2.61	-0.591	-1.302	-0.733	1.57	-0.146	5.0	F	
6rw0	A	199	 	F	H	0.36	-1.514	-0.792	-1.006	-0.59	1.891	-0.397	0.412	13.0	N	A	527	 	E	S	0.495	-1.169	-0.281	1.357	-1.453	1.477	0.113	-0.837	15.0	P	
6rw0	A	275	 	R	-	0.258	-2.099	1.986	1.538	-0.055	1.502	0.44	2.897	2.0	C	A	327	 	M	H	0.064	-1.131	-0.733	-0.663	-1.524	2.219	-1.005	1.212	14.0	O	
6rw0	A	343	 	F	B	0.213	-1.669	2.478	-1.006	-0.59	1.891	-0.397	0.412	5.0	F	A	448	 	H	-	0.554	-1.82	0.241	0.336	-0.417	-1.673	-1.474	-0.078	2.0	C	
6rw0	A	259	 	K	E	0.102	-1.172	2.244	1.831	-0.561	0.533	-0.277	1.648	14.0	O	A	263	 	F	E	0.01	-2.579	2.71	-1.006	-0.59	1.891	-0.397	0.412	18.0	S	HBOND
6rw0	A	279	 	S	T	0.9	-1.021	-0.575	-0.228	1.399	-4.76	0.67	-2.647	17.0	R	A	282	 	D	-	0.479	-1.729	0.221	1.05	0.302	-3.656	-0.259	-3.242	6.0	G	
6rw0	A	172	 	Y	E	0.005	-2.546	2.079	0.26	0.83	3.097	-0.838	1.512	3.0	D	A	535	 	P	P	0.015	-1.306	2.458	0.189	2.081	-1.628	0.421	-1.392	10.0	K	
6rw0	A	197	 	W	H	0.101	-1.052	-0.562	-0.595	0.009	0.672	-2.128	-0.184	12.0	M	A	202	 	P	H	0.507	-0.987	-0.645	0.189	2.081	-1.628	0.421	-1.392	17.0	R	
6rw0	A	165	 	F	E	0.036	-2.187	2.074	-1.006	-0.59	1.891	-0.397	0.412	0.0	A	A	304	 	I	E	0.006	-2.115	2.328	-1.239	-0.547	2.131	0.393	0.816	3.0	D	
6rw0	A	363	 	F	H	0.0	-1.024	-0.816	-1.006	-0.59	1.891	-0.397	0.412	1.0	B	A	366	 	E	H	0.825	-1.66	-0.362	1.357	-1.453	1.477	0.113	-0.837	12.0	M	
6rw0	A	199	 	F	H	0.36	-1.514	-0.792	-1.006	-0.59	1.891	-0.397	0.412	13.0	N	A	202	 	P	H	0.507	-0.987	-0.645	0.189	2.081	-1.628	0.421	-1.392	17.0	R	
6rw0	A	362	 	S	H	0.231	-1.074	-0.66	-0.228	1.399	-4.76	0.67	-2.647	1.0	B	A	365	 	K	H	0.317	-1.263	-0.661	1.831	-0.561	0.533	-0.277	1.648	13.0	N	
6rw0	A	318	 	G	H	0.012	-1.203	-0.488	-0.384	1.652	1.33	1.045	2.064	13.0	N	A	321	 	K	H	0.0	-0.992	-0.867	1.831	-0.561	0.533	-0.277	1.648	9.0	J	
6rw0	A	246	 	R	-	0.145	-0.985	2.669	1.538	-0.055	1.502	0.44	2.897	4.0	E	A	284	 	D	-	0.141	-1.583	0.176	1.05	0.302	-3.656	-0.259	-3.242	14.0	O	
6rw0	A	467	 	V	B	0.028	-2.173	2.673	-1.337	-0.279	-0.544	1.242	-1.262	4.0	E	A	476	 	I	E	0.29	-2.681	2.914	-1.239	-0.547	2.131	0.393	0.816	5.0	F	
6rw0	A	521	 	V	T	0.401	-1.683	0.353	-1.337	-0.279	-0.544	1.242	-1.262	13.0	N	A	526	 	N	-	0.089	-2.445	-3.062	0.945	0.828	1.299	-0.169	0.933	19.0	T	VDW
6rw0	A	323	 	T	H	0.0	-1.246	-0.718	-0.032	0.326	2.213	0.908	1.313	15.0	P	A	397	 	W	S	0.035	-2.158	2.714	-0.595	0.009	0.672	-2.128	-0.184	5.0	F	
6rw0	A	228	 	A	I	0.698	-1.382	-0.614	-0.591	-1.302	-0.733	1.57	-0.146	12.0	M	A	232	 	P	H	0.404	-1.067	-0.698	0.189	2.081	-1.628	0.421	-1.392	17.0	R	
6rw0	A	166	 	D	E	0.123	-1.881	2.426	1.05	0.302	-3.656	-0.259	-3.242	8.0	I	A	539	 	K	E	0.41	-2.003	2.243	1.831	-0.561	0.533	-0.277	1.648	10.0	K	
6rw0	A	302	 	P	-	0.309	-1.23	2.795	0.189	2.081	-1.628	0.421	-1.392	0.0	A	A	345	 	P	P	0.007	-1.014	2.453	0.189	2.081	-1.628	0.421	-1.392	8.0	I	
6rw0	A	138	 	I	-	0.704	-1.69		-1.239	-0.547	2.131	0.393	0.816	12.0	M	A	508	 	A	E	0.019	-2.838	2.776	-0.591	-1.302	-0.733	1.57	-0.146	7.0	H	
6rw0	A	169	 	V	E	0.0	-2.347	2.278	-1.337	-0.279	-0.544	1.242	-1.262	3.0	D	A	215	 	V	E	0.0	-2.293	2.324	-1.337	-0.279	-0.544	1.242	-1.262	8.0	I	
6rw0	A	506	 	L	E	0.128	-1.424	2.04	-1.019	-0.987	-1.505	1.266	-0.912	18.0	S	A	509	 	R	E	0.169	-2.502	2.707	1.538	-0.055	1.502	0.44	2.897	18.0	S	
6rw0	A	201	 	F	H	0.107	-1.06	-0.791	-1.006	-0.59	1.891	-0.397	0.412	12.0	M	A	204	 	I	H	0.012	-1.114	-0.78	-1.239	-0.547	2.131	0.393	0.816	17.0	R	
6rw0	A	363	 	F	H	0.0	-1.024	-0.816	-1.006	-0.59	1.891	-0.397	0.412	1.0	B	A	367	 	G	S	0.107	1.343	0.222	-0.384	1.652	1.33	1.045	2.064	13.0	N	HBOND
6rw0	A	467	 	V	B	0.028	-2.173	2.673	-1.337	-0.279	-0.544	1.242	-1.262	4.0	E	A	534	 	L	P	0.018	-1.676	2.571	-1.019	-0.987	-1.505	1.266	-0.912	6.0	G	
6rw0	A	220	 	E	E	0.103	1.034	0.677	1.357	-1.453	1.477	0.113	-0.837	4.0	E	A	252	 	D	E	0.006	-2.424	2.955	1.05	0.302	-3.656	-0.259	-3.242	7.0	H	
6rw0	A	293	 	Q	E	0.293	-1.851	2.025	0.931	-0.179	-3.005	-0.503	-1.853	6.0	G	A	301	 	C	-	0.563		2.303	-1.343	0.465	-0.862	-1.02	-0.255	0.0	A	HBOND
6rw0	A	190	 	C	S	0.067	-1.539	2.479	-1.343	0.465	-0.862	-1.02	-0.255	0.0	A	A	195	 	L	G	0.073	-1.604	-0.277	-1.019	-0.987	-1.505	1.266	-0.912	15.0	P	VDW
6rw0	A	286	 	V	E	0.014	-2.467	2.955	-1.337	-0.279	-0.544	1.242	-1.262	7.0	H	A	309	 	T	E	0.0	-2.687	2.948	-0.032	0.326	2.213	0.908	1.313	16.0	Q	
6rw0	A	220	 	E	E	0.103	1.034	0.677	1.357	-1.453	1.477	0.113	-0.837	4.0	E	A	310	 	H	E	0.114	-2.436	1.804	0.336	-0.417	-1.673	-1.474	-0.078	0.0	A	VDW
6rw0	A	245	 	M	E	0.303	-1.437	2.546	-0.663	-1.524	2.219	-1.005	1.212	0.0	A	A	252	 	D	E	0.006	-2.424	2.955	1.05	0.302	-3.656	-0.259	-3.242	7.0	H	
6rw0	A	305	 	C	E	0.0	-1.772	2.115	-1.343	0.465	-0.862	-1.02	-0.255	7.0	H	A	335	 	V	H	0.12	-1.273	-0.702	-1.337	-0.279	-0.544	1.242	-1.262	17.0	R	
6rw0	A	243	 	Y	E	0.212	-2.115	2.592	0.26	0.83	3.097	-0.838	1.512	18.0	S	A	288	 	L	E	0.006	-2.635	2.356	-1.019	-0.987	-1.505	1.266	-0.912	7.0	H	
6rw0	A	404	 	S	-	0.131	-1.346	3.052	-0.228	1.399	-4.76	0.67	-2.647	2.0	C	A	408	 	V	-	0.232	-2.104	2.632	-1.337	-0.279	-0.544	1.242	-1.262	6.0	G	HBOND
6rw0	A	324	 	Q	H	0.005	-1.017	-0.824	0.931	-0.179	-3.005	-0.503	-1.853	14.0	O	A	328	 	L	H	0.0	-1.11	-0.803	-1.019	-0.987	-1.505	1.266	-0.912	14.0	O	HBOND
6rw0	A	204	 	I	H	0.012	-1.114	-0.78	-1.239	-0.547	2.131	0.393	0.816	17.0	R	A	207	 	E	H	0.144	-1.092	-0.816	1.357	-1.453	1.477	0.113	-0.837	17.0	R	VDW
6rw0	A	261	 	S	T	0.669	-1.16	-0.47	-0.228	1.399	-4.76	0.67	-2.647	17.0	R	A	295	 	K	-	0.517	-1.557	1.542	1.831	-0.561	0.533	-0.277	1.648	17.0	R	
6rw0	A	357	 	G	T	0.631	1.408	-0.087	-0.384	1.652	1.33	1.045	2.064	12.0	M	A	361	 	Y	H	0.077	-1.058	-0.81	0.26	0.83	3.097	-0.838	1.512	11.0	L	
6rw0	A	332	 	I	H	0.006	-1.051	-0.746	-1.239	-0.547	2.131	0.393	0.816	13.0	N	A	336	 	A	S	0.009	-1.435	-0.141	-0.591	-1.302	-0.733	1.57	-0.146	13.0	N	HBOND
6rw0	A	304	 	I	E	0.006	-2.115	2.328	-1.239	-0.547	2.131	0.393	0.816	3.0	D	A	347	 	V	E	0.0	-2.131	2.093	-1.337	-0.279	-0.544	1.242	-1.262	8.0	I	
6rw0	A	224	 	D	H	0.589	-1.122	-0.791	1.05	0.302	-3.656	-0.259	-3.242	17.0	R	A	227	 	G	I	0.607	-1.185	-0.685	-0.384	1.652	1.33	1.045	2.064	17.0	R	
6rw0	A	525	 	P	S	0.0	-1.149	2.811	0.189	2.081	-1.628	0.421	-1.392	12.0	M	A	530	 	S	-	0.0	-1.791	0.316	-0.228	1.399	-4.76	0.67	-2.647	15.0	P	VDW
6rw0	A	355	 	V	-	0.162	-1.764	2.839	-1.337	-0.279	-0.544	1.242	-1.262	0.0	A	A	380	 	S	S	0.0	-1.607	-0.338	-0.228	1.399	-4.76	0.67	-2.647	14.0	O	HBOND
6rw0	A	355	 	V	-	0.162	-1.764	2.839	-1.337	-0.279	-0.544	1.242	-1.262	0.0	A	A	380	 	S	S	0.0	-1.607	-0.338	-0.228	1.399	-4.76	0.67	-2.647	14.0	O	VDW
6rw0	A	455	 	Y	-	0.027	-1.682	2.604	0.26	0.83	3.097	-0.838	1.512	2.0	C	A	481	 	I	E	0.0	-2.084	1.971	-1.239	-0.547	2.131	0.393	0.816	7.0	H	
6rw0	A	467	 	V	B	0.028	-2.173	2.673	-1.337	-0.279	-0.544	1.242	-1.262	4.0	E	A	475	 	A	E	0.151	-2.504	1.755	-0.591	-1.302	-0.733	1.57	-0.146	16.0	Q	
6rw0	A	507	 	L	E	0.207	-1.556	-0.681	-1.019	-0.987	-1.505	1.266	-0.912	5.0	F	A	539	 	K	E	0.41	-2.003	2.243	1.831	-0.561	0.533	-0.277	1.648	10.0	K	HBOND
6rw0	A	507	 	L	E	0.207	-1.556	-0.681	-1.019	-0.987	-1.505	1.266	-0.912	5.0	F	A	539	 	K	E	0.41	-2.003	2.243	1.831	-0.561	0.533	-0.277	1.648	10.0	K	VDW
6rw0	A	467	 	V	B	0.028	-2.173	2.673	-1.337	-0.279	-0.544	1.242	-1.262	4.0	E	A	477	 	T	-	0.028	-1.566	2.129	-0.032	0.326	2.213	0.908	1.313	6.0	G	
6rw0	A	226	 	Y	I	0.072	-1.079	-0.827	0.26	0.83	3.097	-0.838	1.512	1.0	B	A	241	 	C	E	0.007	-2.045	2.367	-1.343	0.465	-0.862	-1.02	-0.255	8.0	I	VDW
6rw0	A	176	 	S	-	0.015	-1.23	2.36	-0.228	1.399	-4.76	0.67	-2.647	0.0	A	A	200	 	R	H	0.0	-1.274	-0.763	1.538	-0.055	1.502	0.44	2.897	14.0	O	
6rw0	A	185	 	H	G	0.38	-1.117	-0.401	0.336	-0.417	-1.673	-1.474	-0.078	17.0	R	A	472	 	S	T	0.277	-1.056	-0.503	-0.228	1.399	-4.76	0.67	-2.647	12.0	M	
6rw0	A	262	 	K	T	0.259	-1.742	-0.445	1.831	-0.561	0.533	-0.277	1.648	4.0	E	A	294	 	P	E	0.029	-0.996	2.407	0.189	2.081	-1.628	0.421	-1.392	16.0	Q	
6rw0	A	402	 	G	-	0.071	1.347	0.527	-0.384	1.652	1.33	1.045	2.064	13.0	N	A	410	 	E	-	0.49	-2.407	2.649	1.357	-1.453	1.477	0.113	-0.837	6.0	G	HBOND
6rw0	A	221	 	V	E	0.0	-1.483	1.924	-1.337	-0.279	-0.544	1.242	-1.262	0.0	A	A	253	 	G	E	0.036	-2.916	-2.862	-0.384	1.652	1.33	1.045	2.064	0.0	A	HBOND
6rw0	A	221	 	V	E	0.0	-1.483	1.924	-1.337	-0.279	-0.544	1.242	-1.262	0.0	A	A	253	 	G	E	0.036	-2.916	-2.862	-0.384	1.652	1.33	1.045	2.064	0.0	A	VDW
6rw0	A	454	 	V	S	0.007	-1.009	-0.815	-1.337	-0.279	-0.544	1.242	-1.262	12.0	M	A	483	 	Y	E	0.113	-2.598	2.658	0.26	0.83	3.097	-0.838	1.512	7.0	H	
6rw0	A	218	 	L	E	0.006	-1.929	2.533	-1.019	-0.987	-1.505	1.266	-0.912	19.0	T	A	221	 	V	E	0.0	-1.483	1.924	-1.337	-0.279	-0.544	1.242	-1.262	0.0	A	VDW
6rw0	A	308	 	N	E	0.0	-2.557	2.455	0.945	0.828	1.299	-0.169	0.933	3.0	D	A	350	 	G	E	0.0	2.69	-3.062	-0.384	1.652	1.33	1.045	2.064	19.0	T	
6rw0	A	238	 	G	T	0.226	1.755	0.245	-0.384	1.652	1.33	1.045	2.064	13.0	N	A	259	 	K	E	0.102	-1.172	2.244	1.831	-0.561	0.533	-0.277	1.648	14.0	O	
6rw0	A	452	 	S	E	0.292	-1.964	2.805	-0.228	1.399	-4.76	0.67	-2.647	2.0	C	A	482	 	F	E	0.0	-1.786	2.599	-1.006	-0.59	1.891	-0.397	0.412	7.0	H	
6rw0	A	280	 	L	T	0.195	-0.986	-0.708	-1.019	-0.987	-1.505	1.266	-0.912	9.0	J	A	319	 	D	H	0.025	-1.074	-0.811	1.05	0.302	-3.656	-0.259	-3.242	9.0	J	
6rw0	A	305	 	C	E	0.0	-1.772	2.115	-1.343	0.465	-0.862	-1.02	-0.255	7.0	H	A	336	 	A	S	0.009	-1.435	-0.141	-0.591	-1.302	-0.733	1.57	-0.146	13.0	N	
6rw0	A	280	 	L	T	0.195	-0.986	-0.708	-1.019	-0.987	-1.505	1.266	-0.912	9.0	J	A	323	 	T	H	0.0	-1.246	-0.718	-0.032	0.326	2.213	0.908	1.313	15.0	P	VDW
6rw0	A	230	 	I	I	0.03	-1.169	-0.922	-1.239	-0.547	2.131	0.393	0.816	17.0	R	A	234	 	L	H	0.012	-1.212	-0.691	-1.019	-0.987	-1.505	1.266	-0.912	17.0	R	HBOND
6rw0	A	173	 	N	E	0.0	-1.516	1.927	0.945	0.828	1.299	-0.169	0.933	0.0	A	A	310	 	H	E	0.114	-2.436	1.804	0.336	-0.417	-1.673	-1.474	-0.078	0.0	A	
6rw0	A	247	 	T	S	0.155	-1.495	-3.109	-0.032	0.326	2.213	0.908	1.313	2.0	C	A	250	 	K	-	0.351	-1.433	2.537	1.831	-0.561	0.533	-0.277	1.648	5.0	F	
6rw0	A	453	 	S	E	0.1	-1.749	2.378	-0.228	1.399	-4.76	0.67	-2.647	18.0	S	A	457	 	H	S	0.054	1.438	-0.165	0.336	-0.417	-1.673	-1.474	-0.078	13.0	N	
6rw0	A	244	 	K	E	0.195	-2.422	1.95	1.831	-0.561	0.533	-0.277	1.648	2.0	C	A	271	 	V	E	0.063	-2.285	2.173	-1.337	-0.279	-0.544	1.242	-1.262	0.0	A	
6rw0	A	508	 	A	E	0.019	-2.838	2.776	-0.591	-1.302	-0.733	1.57	-0.146	7.0	H	A	538	 	A	E	0.0	-2.389	2.624	-0.591	-1.302	-0.733	1.57	-0.146	16.0	Q	
6rw0	A	459	 	F	-	0.188	-1.34	2.284	-1.006	-0.59	1.891	-0.397	0.412	2.0	C	A	513	 	L	B	0.085	-2.248	2.911	-1.019	-0.987	-1.505	1.266	-0.912	5.0	F	
6rw0	A	287	 	G	E	0.0	-2.454	3.037	-0.384	1.652	1.33	1.045	2.064	8.0	I	A	308	 	N	E	0.0	-2.557	2.455	0.945	0.828	1.299	-0.169	0.933	3.0	D	VDW
6rw0	A	352	 	F	-	0.0	-1.633	-0.058	-1.006	-0.59	1.891	-0.397	0.412	15.0	P	A	360	 	L	H	0.012	-1.126	-0.766	-1.019	-0.987	-1.505	1.266	-0.912	1.0	B	
6rw0	A	311	 	L	-	0.0	-1.368	2.766	-1.019	-0.987	-1.505	1.266	-0.912	0.0	A	A	353	 	N	S	0.089	0.845	0.66	0.945	0.828	1.299	-0.169	0.933	11.0	L	HBOND
6rw0	A	525	 	P	S	0.0	-1.149	2.811	0.189	2.081	-1.628	0.421	-1.392	12.0	M	A	531	 	S	S	0.0	-2.163	2.826	-0.228	1.399	-4.76	0.67	-2.647	5.0	F	
6rw0	A	169	 	V	E	0.0	-2.347	2.278	-1.337	-0.279	-0.544	1.242	-1.262	3.0	D	A	538	 	A	E	0.0	-2.389	2.624	-0.591	-1.302	-0.733	1.57	-0.146	16.0	Q	HBOND
6rw0	A	186	 	L	G	0.146	-1.33	-0.278	-1.019	-0.987	-1.505	1.266	-0.912	13.0	N	A	189	 	H	T	0.255	-1.342	-0.2	0.336	-0.417	-1.673	-1.474	-0.078	9.0	J	
6rw0	A	405	 	Q	T	0.247	-1.223	-0.222	0.931	-0.179	-3.005	-0.503	-1.853	9.0	J	A	445	 	L	E	0.0	-1.856	2.575	-1.019	-0.987	-1.505	1.266	-0.912	14.0	O	VDW
6rw0	A	240	 	H	E	0.261	-1.611	2.287	0.336	-0.417	-1.673	-1.474	-0.078	2.0	C	A	265	 	L	E	0.348	-1.623	2.164	-1.019	-0.987	-1.505	1.266	-0.912	18.0	S	
6rw0	A	216	 	L	E	0.0	-2.039	2.238	-1.019	-0.987	-1.505	1.266	-0.912	19.0	T	A	256	 	I	E	0.0	-2.11	2.184	-1.239	-0.547	2.131	0.393	0.816	10.0	K	VDW
6rw0	A	322	 	L	H	0.0	-1.123	-0.607	-1.019	-0.987	-1.505	1.266	-0.912	17.0	R	A	396	 	I	S	0.065	-1.181	-0.709	-1.239	-0.547	2.131	0.393	0.816	15.0	P	
6rw0	A	179	 	L	H	0.159	-1.226	-0.591	-1.019	-0.987	-1.505	1.266	-0.912	17.0	R	A	246	 	R	-	0.145	-0.985	2.669	1.538	-0.055	1.502	0.44	2.897	4.0	E	
6rw0	A	208	 	I	H	0.03	-1.053	-0.746	-1.239	-0.547	2.131	0.393	0.816	1.0	B	A	212	 	D	-	0.54	0.869	0.817	1.05	0.302	-3.656	-0.259	-3.242	17.0	R	HBOND
6rw0	A	208	 	I	H	0.03	-1.053	-0.746	-1.239	-0.547	2.131	0.393	0.816	1.0	B	A	212	 	D	-	0.54	0.869	0.817	1.05	0.302	-3.656	-0.259	-3.242	17.0	R	VDW
6rw0	A	320	 	I	H	0.0	-1.153	-0.78	-1.239	-0.547	2.131	0.393	0.816	15.0	P	A	323	 	T	H	0.0	-1.246	-0.718	-0.032	0.326	2.213	0.908	1.313	15.0	P	
6rw0	A	459	 	F	-	0.188	-1.34	2.284	-1.006	-0.59	1.891	-0.397	0.412	2.0	C	A	462	 	T	T	0.627	-2.017	-0.382	-0.032	0.326	2.213	0.908	1.313	12.0	M	VDW
6rw0	A	218	 	L	E	0.006	-1.929	2.533	-1.019	-0.987	-1.505	1.266	-0.912	19.0	T	A	234	 	L	H	0.012	-1.212	-0.691	-1.019	-0.987	-1.505	1.266	-0.912	17.0	R	
6rw0	A	187	 	Y	G	0.041	-2.073	0.35	0.26	0.83	3.097	-0.838	1.512	0.0	A	A	192	 	R	G	0.52	-0.974	-0.752	1.538	-0.055	1.502	0.44	2.897	17.0	R	HBOND
6rw0	A	188	 	R	T	0.976	-1.05	-0.437	1.538	-0.055	1.502	0.44	2.897	12.0	M	A	192	 	R	G	0.52	-0.974	-0.752	1.538	-0.055	1.502	0.44	2.897	17.0	R	
6rw0	A	177	 	Q	H	0.051	-1.059	-0.737	0.931	-0.179	-3.005	-0.503	-1.853	9.0	J	A	195	 	L	G	0.073	-1.604	-0.277	-1.019	-0.987	-1.505	1.266	-0.912	15.0	P	HBOND
6rw0	A	354	 	S	-	0.008	-2.534	2.535	-0.228	1.399	-4.76	0.67	-2.647	0.0	A	A	358	 	S	S	0.046	-1.163	2.837	-0.228	1.399	-4.76	0.67	-2.647	13.0	N	
6rw0	A	174	 	I	-	0.024	-1.568	-0.089	-1.239	-0.547	2.131	0.393	0.816	13.0	N	A	197	 	W	H	0.101	-1.052	-0.562	-0.595	0.009	0.672	-2.128	-0.184	12.0	M	
6rw0	A	455	 	Y	-	0.027	-1.682	2.604	0.26	0.83	3.097	-0.838	1.512	2.0	C	A	536	 	L	E	0.006	-1.734	2.52	-1.019	-0.987	-1.505	1.266	-0.912	7.0	H	VDW
6rw0	A	268	 	V	E	0.38	-2.111	2.202	-1.337	-0.279	-0.544	1.242	-1.262	8.0	I	A	288	 	L	E	0.006	-2.635	2.356	-1.019	-0.987	-1.505	1.266	-0.912	7.0	H	
6rw0	A	459	 	F	-	0.188	-1.34	2.284	-1.006	-0.59	1.891	-0.397	0.412	2.0	C	A	514	 	T	-	0.099	-1.598	2.922	-0.032	0.326	2.213	0.908	1.313	5.0	F	VDW
6rw0	A	167	 	F	E	0.005	-2.689	2.632	-1.006	-0.59	1.891	-0.397	0.412	4.0	E	A	542	 	L	E	0.049	-1.787	1.974	-1.019	-0.987	-1.505	1.266	-0.912	11.0	L	
6rw0	A	135	 	W	E	0.449	-1.356	2.043	-0.595	0.009	0.672	-2.128	-0.184	8.0	I	A	509	 	R	E	0.169	-2.502	2.707	1.538	-0.055	1.502	0.44	2.897	18.0	S	VDW
6rw0	A	174	 	I	-	0.024	-1.568	-0.089	-1.239	-0.547	2.131	0.393	0.816	13.0	N	A	221	 	V	E	0.0	-1.483	1.924	-1.337	-0.279	-0.544	1.242	-1.262	0.0	A	
6rw0	A	294	 	P	E	0.029	-0.996	2.407	0.189	2.081	-1.628	0.421	-1.392	16.0	Q	A	542	 	L	E	0.049	-1.787	1.974	-1.019	-0.987	-1.505	1.266	-0.912	11.0	L	
6rw0	A	323	 	T	H	0.0	-1.246	-0.718	-0.032	0.326	2.213	0.908	1.313	15.0	P	A	327	 	M	H	0.064	-1.131	-0.733	-0.663	-1.524	2.219	-1.005	1.212	14.0	O	HBOND
6rw0	A	271	 	V	E	0.063	-2.285	2.173	-1.337	-0.279	-0.544	1.242	-1.262	0.0	A	A	327	 	M	H	0.064	-1.131	-0.733	-0.663	-1.524	2.219	-1.005	1.212	14.0	O	
6rw0	A	273	 	F	-	0.0	-1.426	-0.245	-1.006	-0.59	1.891	-0.397	0.412	13.0	N	A	327	 	M	H	0.064	-1.131	-0.733	-0.663	-1.524	2.219	-1.005	1.212	14.0	O	
6rw0	A	167	 	F	E	0.005	-2.689	2.632	-1.006	-0.59	1.891	-0.397	0.412	4.0	E	A	539	 	K	E	0.41	-2.003	2.243	1.831	-0.561	0.533	-0.277	1.648	10.0	K	
6rw0	A	405	 	Q	T	0.247	-1.223	-0.222	0.931	-0.179	-3.005	-0.503	-1.853	9.0	J	A	446	 	Q	E	0.48	-2.374	2.844	0.931	-0.179	-3.005	-0.503	-1.853	5.0	F	HBOND
6rw0	A	281	 	L	-	0.006	-1.686	1.105	-1.019	-0.987	-1.505	1.266	-0.912	15.0	P	A	401	 	L	G	0.043	-1.13	-0.62	-1.019	-0.987	-1.505	1.266	-0.912	17.0	R	VDW
6rw0	A	483	 	Y	E	0.113	-2.598	2.658	0.26	0.83	3.097	-0.838	1.512	7.0	H	A	504	 	L	-	0.043	-2.086	2.609	-1.019	-0.987	-1.505	1.266	-0.912	8.0	I	
6rw0	A	518	 	L	H	0.006	-1.199	-0.656	-1.019	-0.987	-1.505	1.266	-0.912	13.0	N	A	524	 	L	S	0.0	-2.137	2.514	-1.019	-0.987	-1.505	1.266	-0.912	12.0	M	
6rw0	A	275	 	R	-	0.258	-2.099	1.986	1.538	-0.055	1.502	0.44	2.897	2.0	C	A	401	 	L	G	0.043	-1.13	-0.62	-1.019	-0.987	-1.505	1.266	-0.912	17.0	R	
6rw0	A	169	 	V	E	0.0	-2.347	2.278	-1.337	-0.279	-0.544	1.242	-1.262	3.0	D	A	213	 	A	-	0.0	-1.25	2.61	-0.591	-1.302	-0.733	1.57	-0.146	5.0	F	
6rw0	A	406	 	N	T	0.306	-1.59	0.149	0.945	0.828	1.299	-0.169	0.933	13.0	N	A	447	 	H	-	0.06	-2.459	2.889	0.336	-0.417	-1.673	-1.474	-0.078	6.0	G	
6rw0	A	403	 	I	B	0.036	-2.187	2.262	-1.239	-0.547	2.131	0.393	0.816	0.0	A	A	410	 	E	-	0.49	-2.407	2.649	1.357	-1.453	1.477	0.113	-0.837	6.0	G	
6rw0	A	283	 	R	-	0.258	-1.888	2.691	1.538	-0.055	1.502	0.44	2.897	5.0	F	A	317	 	R	-	0.145	-1.548	1.165	1.538	-0.055	1.502	0.44	2.897	0.0	A	
6rw0	A	315	 	P	T	0.154	-1.102	-0.517	0.189	2.081	-1.628	0.421	-1.392	9.0	J	A	383	 	E	S	0.887	-0.954	2.176	1.357	-1.453	1.477	0.113	-0.837	2.0	C	
6rw0	A	371	 	Y	-	0.005	-1.751	0.243	0.26	0.83	3.097	-0.838	1.512	13.0	N	A	405	 	Q	T	0.247	-1.223	-0.222	0.931	-0.179	-3.005	-0.503	-1.853	9.0	J	HBOND
6rw0	A	239	 	Y	E	0.005	-1.695	2.465	0.26	0.83	3.097	-0.838	1.512	8.0	I	A	259	 	K	E	0.102	-1.172	2.244	1.831	-0.561	0.533	-0.277	1.648	14.0	O	VDW
6rw0	A	193	 	P	G	0.485	-1.085	-0.422	0.189	2.081	-1.628	0.421	-1.392	17.0	R	A	196	 	H	S	0.571	-1.177	2.489	0.336	-0.417	-1.673	-1.474	-0.078	2.0	C	VDW
6rw0	A	175	 	L	-	0.012	1.278	1.869	-1.019	-0.987	-1.505	1.266	-0.912	0.0	A	A	179	 	L	H	0.159	-1.226	-0.591	-1.019	-0.987	-1.505	1.266	-0.912	17.0	R	
6rw0	A	231	 	R	H	0.29	-1.094	-0.808	1.538	-0.055	1.502	0.44	2.897	17.0	R	A	234	 	L	H	0.012	-1.212	-0.691	-1.019	-0.987	-1.505	1.266	-0.912	17.0	R	
6rw0	A	204	 	I	H	0.012	-1.114	-0.78	-1.239	-0.547	2.131	0.393	0.816	17.0	R	A	530	 	S	-	0.0	-1.791	0.316	-0.228	1.399	-4.76	0.67	-2.647	15.0	P	
6rw0	A	189	 	H	T	0.255	-1.342	-0.2	0.336	-0.417	-1.673	-1.474	-0.078	9.0	J	A	519	 	W	H	0.396	-1.247	-0.399	-0.595	0.009	0.672	-2.128	-0.184	1.0	B	PIPISTACK
6rw0	A	238	 	G	T	0.226	1.755	0.245	-0.384	1.652	1.33	1.045	2.064	13.0	N	A	260	 	H	T	0.505	-1.245	-0.361	0.336	-0.417	-1.673	-1.474	-0.078	12.0	M	HBOND
6rw0	A	177	 	Q	H	0.051	-1.059	-0.737	0.931	-0.179	-3.005	-0.503	-1.853	9.0	J	A	200	 	R	H	0.0	-1.274	-0.763	1.538	-0.055	1.502	0.44	2.897	14.0	O	HBOND
6rw0	A	177	 	Q	H	0.051	-1.059	-0.737	0.931	-0.179	-3.005	-0.503	-1.853	9.0	J	A	200	 	R	H	0.0	-1.274	-0.763	1.538	-0.055	1.502	0.44	2.897	14.0	O	VDW
6rw0	A	229	 	E	I	0.314	-2.415	-0.867	1.357	-1.453	1.477	0.113	-0.837	12.0	M	A	232	 	P	H	0.404	-1.067	-0.698	0.189	2.081	-1.628	0.421	-1.392	17.0	R	
6rw0	A	305	 	C	E	0.0	-1.772	2.115	-1.343	0.465	-0.862	-1.02	-0.255	7.0	H	A	347	 	V	E	0.0	-2.131	2.093	-1.337	-0.279	-0.544	1.242	-1.262	8.0	I	HBOND
6rw0	A	314	 	N	-	0.357	-0.623	1.907	0.945	0.828	1.299	-0.169	0.933	12.0	M	A	317	 	R	-	0.145	-1.548	1.165	1.538	-0.055	1.502	0.44	2.897	0.0	A	HBOND
6rw0	A	267	 	S	E	0.277	-2.785	2.681	-0.228	1.399	-4.76	0.67	-2.647	2.0	C	A	290	 	L	E	0.0	-1.914	2.576	-1.019	-0.987	-1.505	1.266	-0.912	16.0	Q	
6rw0	A	135	 	W	E	0.449	-1.356	2.043	-0.595	0.009	0.672	-2.128	-0.184	8.0	I	A	510	 	L	E	0.024	-1.608	1.992	-1.019	-0.987	-1.505	1.266	-0.912	16.0	Q	
6rw0	A	269	 	N	E	0.204	-2.349	1.514	0.945	0.828	1.299	-0.169	0.933	2.0	C	A	335	 	V	H	0.12	-1.273	-0.702	-1.337	-0.279	-0.544	1.242	-1.262	17.0	R	
6rw0	A	294	 	P	E	0.029	-0.996	2.407	0.189	2.081	-1.628	0.421	-1.392	16.0	Q	A	304	 	I	E	0.006	-2.115	2.328	-1.239	-0.547	2.131	0.393	0.816	3.0	D	
6rw0	A	371	 	Y	-	0.005	-1.751	0.243	0.26	0.83	3.097	-0.838	1.512	13.0	N	A	443	 	S	-	0.1	-1.634	0.945	-0.228	1.399	-4.76	0.67	-2.647	14.0	O	HBOND
6rw0	A	371	 	Y	-	0.005	-1.751	0.243	0.26	0.83	3.097	-0.838	1.512	13.0	N	A	443	 	S	-	0.1	-1.634	0.945	-0.228	1.399	-4.76	0.67	-2.647	14.0	O	VDW
6rw0	A	317	 	R	-	0.145	-1.548	1.165	1.538	-0.055	1.502	0.44	2.897	0.0	A	A	320	 	I	H	0.0	-1.153	-0.78	-1.239	-0.547	2.131	0.393	0.816	15.0	P	VDW
6rw0	A	244	 	K	E	0.195	-2.422	1.95	1.831	-0.561	0.533	-0.277	1.648	2.0	C	A	287	 	G	E	0.0	-2.454	3.037	-0.384	1.652	1.33	1.045	2.064	8.0	I	
6rw0	A	323	 	T	H	0.0	-1.246	-0.718	-0.032	0.326	2.213	0.908	1.313	15.0	P	A	396	 	I	S	0.065	-1.181	-0.709	-1.239	-0.547	2.131	0.393	0.816	15.0	P	
6rw0	A	309	 	T	E	0.0	-2.687	2.948	-0.032	0.326	2.213	0.908	1.313	16.0	Q	A	350	 	G	E	0.0	2.69	-3.062	-0.384	1.652	1.33	1.045	2.064	19.0	T	VDW
6rw0	A	201	 	F	H	0.107	-1.06	-0.791	-1.006	-0.59	1.891	-0.397	0.412	12.0	M	A	205	 	L	H	0.262	-1.113	-0.689	-1.019	-0.987	-1.505	1.266	-0.912	9.0	J	HBOND
6rw0	A	216	 	L	E	0.0	-2.039	2.238	-1.019	-0.987	-1.505	1.266	-0.912	19.0	T	A	257	 	C	E	0.0	-2.209	2.578	-1.343	0.465	-0.862	-1.02	-0.255	7.0	H	HBOND
6rw0	A	371	 	Y	-	0.005	-1.751	0.243	0.26	0.83	3.097	-0.838	1.512	13.0	N	A	374	 	L	-	0.152	-1.493	2.058	-1.019	-0.987	-1.505	1.266	-0.912	12.0	M	HBOND
6rw0	A	348	 	M	E	0.0	-2.084	1.935	-0.663	-1.524	2.219	-1.005	1.212	19.0	T	A	451	 	L	E	0.049	-1.976	2.379	-1.019	-0.987	-1.505	1.266	-0.912	8.0	I	
6rw0	A	515	 	E	H	0.515	-1.055	-0.761	1.357	-1.453	1.477	0.113	-0.837	11.0	L	A	519	 	W	H	0.396	-1.247	-0.399	-0.595	0.009	0.672	-2.128	-0.184	1.0	B	HBOND
6rw0	A	214	 	D	S	0.153	-1.277	-0.547	1.05	0.302	-3.656	-0.259	-3.242	13.0	N	A	263	 	F	E	0.01	-2.579	2.71	-1.006	-0.59	1.891	-0.397	0.412	18.0	S	
6rw0	A	222	 	Q	E	0.025	-1.403	2.333	0.931	-0.179	-3.005	-0.503	-1.853	4.0	E	A	251	 	P	-	0.213	-1.64	-0.06	0.189	2.081	-1.628	0.421	-1.392	5.0	F	
6rw0	A	319	 	D	H	0.025	-1.074	-0.811	1.05	0.302	-3.656	-0.259	-3.242	9.0	J	A	390	 	R	P	0.476	-1.157	2.539	1.538	-0.055	1.502	0.44	2.897	2.0	C	HBOND
6rw0	A	319	 	D	H	0.025	-1.074	-0.811	1.05	0.302	-3.656	-0.259	-3.242	9.0	J	A	390	 	R	P	0.476	-1.157	2.539	1.538	-0.055	1.502	0.44	2.897	2.0	C	VDW
6rw0	A	320	 	I	H	0.0	-1.153	-0.78	-1.239	-0.547	2.131	0.393	0.816	15.0	P	A	324	 	Q	H	0.005	-1.017	-0.824	0.931	-0.179	-3.005	-0.503	-1.853	14.0	O	HBOND
6rw0	A	320	 	I	H	0.0	-1.153	-0.78	-1.239	-0.547	2.131	0.393	0.816	15.0	P	A	324	 	Q	H	0.005	-1.017	-0.824	0.931	-0.179	-3.005	-0.503	-1.853	14.0	O	VDW
6rw0	A	467	 	V	B	0.028	-2.173	2.673	-1.337	-0.279	-0.544	1.242	-1.262	4.0	E	A	515	 	E	H	0.515	-1.055	-0.761	1.357	-1.453	1.477	0.113	-0.837	11.0	L	
6rw0	A	325	 	L	H	0.0	-1.011	-0.781	-1.019	-0.987	-1.505	1.266	-0.912	17.0	R	A	348	 	M	E	0.0	-2.084	1.935	-0.663	-1.524	2.219	-1.005	1.212	19.0	T	
6rw0	A	280	 	L	T	0.195	-0.986	-0.708	-1.019	-0.987	-1.505	1.266	-0.912	9.0	J	A	317	 	R	-	0.145	-1.548	1.165	1.538	-0.055	1.502	0.44	2.897	0.0	A	
6rw0	A	173	 	N	E	0.0	-1.516	1.927	0.945	0.828	1.299	-0.169	0.933	0.0	A	A	219	 	Q	E	0.0	-2.145	2.828	0.931	-0.179	-3.005	-0.503	-1.853	18.0	S	VDW
6rw0	A	222	 	Q	E	0.025	-1.403	2.333	0.931	-0.179	-3.005	-0.503	-1.853	4.0	E	A	243	 	Y	E	0.212	-2.115	2.592	0.26	0.83	3.097	-0.838	1.512	18.0	S	VDW
6rw0	A	343	 	F	B	0.213	-1.669	2.478	-1.006	-0.59	1.891	-0.397	0.412	5.0	F	A	449	 	F	-	0.107	-1.661	2.902	-1.006	-0.59	1.891	-0.397	0.412	0.0	A	PIPISTACK
6rw0	A	291	 	L	E	0.177	-1.94	2.106	-1.019	-0.987	-1.505	1.266	-0.912	18.0	S	A	305	 	C	E	0.0	-1.772	2.115	-1.343	0.465	-0.862	-1.02	-0.255	7.0	H	
6rw0	A	311	 	L	-	0.0	-1.368	2.766	-1.019	-0.987	-1.505	1.266	-0.912	0.0	A	A	351	 	D	E	0.012	-1.769	1.844	1.05	0.302	-3.656	-0.259	-3.242	13.0	N	HBOND
6rw0	A	201	 	F	H	0.107	-1.06	-0.791	-1.006	-0.59	1.891	-0.397	0.412	12.0	M	A	233	 	S	H	0.2	-1.145	-0.735	-0.228	1.399	-4.76	0.67	-2.647	15.0	P	
6rw0	A	135	 	W	E	0.449	-1.356	2.043	-0.595	0.009	0.672	-2.128	-0.184	8.0	I	A	537	 	L	E	0.012	-2.582	2.327	-1.019	-0.987	-1.505	1.266	-0.912	10.0	K	
6rw0	A	181	 	E	H	0.572	-1.176	-0.584	1.357	-1.453	1.477	0.113	-0.837	17.0	R	A	184	 	S	G	0.515	-1.065	-0.413	-0.228	1.399	-4.76	0.67	-2.647	17.0	R	
6rw0	A	185	 	H	G	0.38	-1.117	-0.401	0.336	-0.417	-1.673	-1.474	-0.078	17.0	R	A	473	 	R	T	0.73	-2.016	-0.037	1.538	-0.055	1.502	0.44	2.897	12.0	M	
6rw0	A	194	 	V	G	0.021	-1.35	-0.135	-1.337	-0.279	-0.544	1.242	-1.262	9.0	J	A	199	 	F	H	0.36	-1.514	-0.792	-1.006	-0.59	1.891	-0.397	0.412	13.0	N	
6rw0	A	262	 	K	T	0.259	-1.742	-0.445	1.831	-0.561	0.533	-0.277	1.648	4.0	E	A	295	 	K	-	0.517	-1.557	1.542	1.831	-0.561	0.533	-0.277	1.648	17.0	R	HBOND
6rw0	A	307	 	A	E	0.0	-2.107	2.604	-0.591	-1.302	-0.733	1.57	-0.146	7.0	H	A	328	 	L	H	0.0	-1.11	-0.803	-1.019	-0.987	-1.505	1.266	-0.912	14.0	O	
6rw0	A	166	 	D	E	0.123	-1.881	2.426	1.05	0.302	-3.656	-0.259	-3.242	8.0	I	A	507	 	L	E	0.207	-1.556	-0.681	-1.019	-0.987	-1.505	1.266	-0.912	5.0	F	
6rw0	A	242	 	E	E	0.253	-2.212	2.335	1.357	-1.453	1.477	0.113	-0.837	2.0	C	A	290	 	L	E	0.0	-1.914	2.576	-1.019	-0.987	-1.505	1.266	-0.912	16.0	Q	
6rw0	A	136	 	E	E	0.32	-1.752	2.088	1.357	-1.453	1.477	0.113	-0.837	4.0	E	A	511	 	S	-	0.031	-1.079	2.602	-0.228	1.399	-4.76	0.67	-2.647	2.0	C	VDW
6rw0	A	211	 	F	H	0.254	-1.391	-0.406	-1.006	-0.59	1.891	-0.397	0.412	17.0	R	A	510	 	L	E	0.024	-1.608	1.992	-1.019	-0.987	-1.505	1.266	-0.912	16.0	Q	
6rw0	A	453	 	S	E	0.1	-1.749	2.378	-0.228	1.399	-4.76	0.67	-2.647	18.0	S	A	483	 	Y	E	0.113	-2.598	2.658	0.26	0.83	3.097	-0.838	1.512	7.0	H	
6rw0	A	513	 	L	B	0.085	-2.248	2.911	-1.019	-0.987	-1.505	1.266	-0.912	5.0	F	A	517	 	D	H	0.227	-1.043	-0.798	1.05	0.302	-3.656	-0.259	-3.242	15.0	P	
6rw0	A	470	 	C	E	0.0	-2.781	1.619	-1.343	0.465	-0.862	-1.02	-0.255	18.0	S	A	523	 	G	S	0.0	1.417	-3.059	-0.384	1.652	1.33	1.045	2.064	0.0	A	
6rw0	A	381	 	G	-	0.369	1.335	0.105	-0.384	1.652	1.33	1.045	2.064	17.0	R	A	384	 	Q	-	0.283	-2.537	2.818	0.931	-0.179	-3.005	-0.503	-1.853	2.0	C	
6rw0	A	180	 	L	H	0.037	-1.036	-0.888	-1.019	-0.987	-1.505	1.266	-0.912	1.0	B	A	195	 	L	G	0.073	-1.604	-0.277	-1.019	-0.987	-1.505	1.266	-0.912	15.0	P	
6rw0	A	167	 	F	E	0.005	-2.689	2.632	-1.006	-0.59	1.891	-0.397	0.412	4.0	E	A	215	 	V	E	0.0	-2.293	2.324	-1.337	-0.279	-0.544	1.242	-1.262	8.0	I	
6rw0	A	369	 	L	E	0.104	-2.678	2.104	-1.019	-0.987	-1.505	1.266	-0.912	5.0	F	A	445	 	L	E	0.0	-1.856	2.575	-1.019	-0.987	-1.505	1.266	-0.912	14.0	O	HBOND
6rw0	A	510	 	L	E	0.024	-1.608	1.992	-1.019	-0.987	-1.505	1.266	-0.912	16.0	Q	A	537	 	L	E	0.012	-2.582	2.327	-1.019	-0.987	-1.505	1.266	-0.912	10.0	K	HBOND
6rw0	A	510	 	L	E	0.024	-1.608	1.992	-1.019	-0.987	-1.505	1.266	-0.912	16.0	Q	A	537	 	L	E	0.012	-2.582	2.327	-1.019	-0.987	-1.505	1.266	-0.912	10.0	K	VDW
6rw0	A	453	 	S	E	0.1	-1.749	2.378	-0.228	1.399	-4.76	0.67	-2.647	18.0	S	A	480	 	Y	E	0.018	-2.513	2.691	0.26	0.83	3.097	-0.838	1.512	16.0	Q	
6rw0	A	187	 	Y	G	0.041	-2.073	0.35	0.26	0.83	3.097	-0.838	1.512	0.0	A	A	524	 	L	S	0.0	-2.137	2.514	-1.019	-0.987	-1.505	1.266	-0.912	12.0	M	
6rw0	A	459	 	F	-	0.188	-1.34	2.284	-1.006	-0.59	1.891	-0.397	0.412	2.0	C	A	466	 	E	P	0.046	-1.246	2.546	1.357	-1.453	1.477	0.113	-0.837	4.0	E	
6rw0	A	239	 	Y	E	0.005	-1.695	2.465	0.26	0.83	3.097	-0.838	1.512	8.0	I	A	260	 	H	T	0.505	-1.245	-0.361	0.336	-0.417	-1.673	-1.474	-0.078	12.0	M	
6rw0	A	317	 	R	-	0.145	-1.548	1.165	1.538	-0.055	1.502	0.44	2.897	0.0	A	A	376	 	I	G	0.012	-1.052	-0.561	-1.239	-0.547	2.131	0.393	0.816	14.0	O	
6rw0	A	208	 	I	H	0.03	-1.053	-0.746	-1.239	-0.547	2.131	0.393	0.816	1.0	B	A	218	 	L	E	0.006	-1.929	2.533	-1.019	-0.987	-1.505	1.266	-0.912	19.0	T	
6rw0	A	467	 	V	B	0.028	-2.173	2.673	-1.337	-0.279	-0.544	1.242	-1.262	4.0	E	A	512	 	L	-	0.024	-1.619	-3.029	-1.019	-0.987	-1.505	1.266	-0.912	5.0	F	
6rw0	A	333	 	S	H	0.146	-1.055	-0.588	-0.228	1.399	-4.76	0.67	-2.647	17.0	R	A	337	 	H	B	0.636	-1.086	2.354	0.336	-0.417	-1.673	-1.474	-0.078	13.0	N	
6rw0	A	165	 	F	E	0.036	-2.187	2.074	-1.006	-0.59	1.891	-0.397	0.412	0.0	A	A	263	 	F	E	0.01	-2.579	2.71	-1.006	-0.59	1.891	-0.397	0.412	18.0	S	PIPISTACK
6rw0	A	187	 	Y	G	0.041	-2.073	0.35	0.26	0.83	3.097	-0.838	1.512	0.0	A	A	190	 	C	S	0.067	-1.539	2.479	-1.343	0.465	-0.862	-1.02	-0.255	0.0	A	HBOND
6rw0	A	187	 	Y	G	0.041	-2.073	0.35	0.26	0.83	3.097	-0.838	1.512	0.0	A	A	190	 	C	S	0.067	-1.539	2.479	-1.343	0.465	-0.862	-1.02	-0.255	0.0	A	VDW
6rw0	A	190	 	C	S	0.067	-1.539	2.479	-1.343	0.465	-0.862	-1.02	-0.255	0.0	A	A	194	 	V	G	0.021	-1.35	-0.135	-1.337	-0.279	-0.544	1.242	-1.262	9.0	J	
6rw0	A	243	 	Y	E	0.212	-2.115	2.592	0.26	0.83	3.097	-0.838	1.512	18.0	S	A	252	 	D	E	0.006	-2.424	2.955	1.05	0.302	-3.656	-0.259	-3.242	7.0	H	
6rw0	A	217	 	C	E	0.0	-2.019	1.859	-1.343	0.465	-0.862	-1.02	-0.255	8.0	I	A	307	 	A	E	0.0	-2.107	2.604	-0.591	-1.302	-0.733	1.57	-0.146	7.0	H	
6rw0	A	281	 	L	-	0.006	-1.686	1.105	-1.019	-0.987	-1.505	1.266	-0.912	15.0	P	A	323	 	T	H	0.0	-1.246	-0.718	-0.032	0.326	2.213	0.908	1.313	15.0	P	VDW
6rw0	A	526	 	N	-	0.089	-2.445	-3.062	0.945	0.828	1.299	-0.169	0.933	19.0	T	A	529	 	N	-	0.312	-1.864	1.966	0.945	0.828	1.299	-0.169	0.933	11.0	L	HBOND
6rw0	A	317	 	R	-	0.145	-1.548	1.165	1.538	-0.055	1.502	0.44	2.897	0.0	A	A	321	 	K	H	0.0	-0.992	-0.867	1.831	-0.561	0.533	-0.277	1.648	9.0	J	HBOND
6rw0	A	354	 	S	-	0.008	-2.534	2.535	-0.228	1.399	-4.76	0.67	-2.647	0.0	A	A	480	 	Y	E	0.018	-2.513	2.691	0.26	0.83	3.097	-0.838	1.512	16.0	Q	
6rw0	A	372	 	E	T	0.737	-1.007	2.239	1.357	-1.453	1.477	0.113	-0.837	17.0	R	A	443	 	S	-	0.1	-1.634	0.945	-0.228	1.399	-4.76	0.67	-2.647	14.0	O	VDW
6rw0	A	178	 	D	H	0.362	-1.043	-0.751	1.05	0.302	-3.656	-0.259	-3.242	17.0	R	A	251	 	P	-	0.213	-1.64	-0.06	0.189	2.081	-1.628	0.421	-1.392	5.0	F	
6rw0	A	192	 	R	G	0.52	-0.974	-0.752	1.538	-0.055	1.502	0.44	2.897	17.0	R	A	195	 	L	G	0.073	-1.604	-0.277	-1.019	-0.987	-1.505	1.266	-0.912	15.0	P	HBOND
6rw0	A	131	 	I	-	0.349	-1.946	1.769	-1.239	-0.547	2.131	0.393	0.816	2.0	C	A	521	 	V	T	0.401	-1.683	0.353	-1.337	-0.279	-0.544	1.242	-1.262	13.0	N	
6rw0	A	310	 	H	E	0.114	-2.436	1.804	0.336	-0.417	-1.673	-1.474	-0.078	0.0	A	A	353	 	N	S	0.089	0.845	0.66	0.945	0.828	1.299	-0.169	0.933	11.0	L	
6rw0	A	518	 	L	H	0.006	-1.199	-0.656	-1.019	-0.987	-1.505	1.266	-0.912	13.0	N	A	522	 	N	T	0.745	1.15	0.535	0.945	0.828	1.299	-0.169	0.933	15.0	P	
6rw0	A	215	 	V	E	0.0	-2.293	2.324	-1.337	-0.279	-0.544	1.242	-1.262	8.0	I	A	258	 	F	E	0.02	-2.58	2.584	-1.006	-0.59	1.891	-0.397	0.412	5.0	F	
6rw0	A	370	 	N	E	0.592	-1.583	1.883	0.945	0.828	1.299	-0.169	0.933	13.0	N	A	444	 	N	E	0.293	-2.275	2.346	0.945	0.828	1.299	-0.169	0.933	10.0	K	
6rw0	A	479	 	D	E	0.025	-1.837	2.501	1.05	0.302	-3.656	-0.259	-3.242	7.0	H	A	533	 	H	B	0.049	-2.043	2.796	0.336	-0.417	-1.673	-1.474	-0.078	5.0	F	IONIC
6rw0	A	479	 	D	E	0.025	-1.837	2.501	1.05	0.302	-3.656	-0.259	-3.242	7.0	H	A	533	 	H	B	0.049	-2.043	2.796	0.336	-0.417	-1.673	-1.474	-0.078	5.0	F	HBOND
6rw0	A	479	 	D	E	0.025	-1.837	2.501	1.05	0.302	-3.656	-0.259	-3.242	7.0	H	A	533	 	H	B	0.049	-2.043	2.796	0.336	-0.417	-1.673	-1.474	-0.078	5.0	F	VDW
6rw0	A	344	 	C	P	0.022	-1.218	2.924	-1.343	0.465	-0.862	-1.02	-0.255	13.0	N	A	484	 	S	E	0.085	-1.092	2.219	-0.228	1.399	-4.76	0.67	-2.647	5.0	F	
6rw0	A	323	 	T	H	0.0	-1.246	-0.718	-0.032	0.326	2.213	0.908	1.313	15.0	P	A	401	 	L	G	0.043	-1.13	-0.62	-1.019	-0.987	-1.505	1.266	-0.912	17.0	R	
6rw0	A	176	 	S	-	0.015	-1.23	2.36	-0.228	1.399	-4.76	0.67	-2.647	0.0	A	A	222	 	Q	E	0.025	-1.403	2.333	0.931	-0.179	-3.005	-0.503	-1.853	4.0	E	
6rw0	A	263	 	F	E	0.01	-2.579	2.71	-1.006	-0.59	1.891	-0.397	0.412	18.0	S	A	292	 	L	E	0.0	-2.047	2.495	-1.019	-0.987	-1.505	1.266	-0.912	7.0	H	
6rw0	A	226	 	Y	I	0.072	-1.079	-0.827	0.26	0.83	3.097	-0.838	1.512	1.0	B	A	230	 	I	I	0.03	-1.169	-0.922	-1.239	-0.547	2.131	0.393	0.816	17.0	R	
6rw0	A	189	 	H	T	0.255	-1.342	-0.2	0.336	-0.417	-1.673	-1.474	-0.078	9.0	J	A	471	 	H	E	0.141	-2.169	-2.913	0.336	-0.417	-1.673	-1.474	-0.078	16.0	Q	
6rw0	A	524	 	L	S	0.0	-2.137	2.514	-1.019	-0.987	-1.505	1.266	-0.912	12.0	M	A	533	 	H	B	0.049	-2.043	2.796	0.336	-0.417	-1.673	-1.474	-0.078	5.0	F	
6rw0	A	321	 	K	H	0.0	-0.992	-0.867	1.831	-0.561	0.533	-0.277	1.648	9.0	J	A	324	 	Q	H	0.005	-1.017	-0.824	0.931	-0.179	-3.005	-0.503	-1.853	14.0	O	
6rw0	A	368	 	K	E	0.629	-2.687	2.627	1.831	-0.561	0.533	-0.277	1.648	8.0	I	A	445	 	L	E	0.0	-1.856	2.575	-1.019	-0.987	-1.505	1.266	-0.912	14.0	O	
6rw0	A	217	 	C	E	0.0	-2.019	1.859	-1.343	0.465	-0.862	-1.02	-0.255	8.0	I	A	308	 	N	E	0.0	-2.557	2.455	0.945	0.828	1.299	-0.169	0.933	3.0	D	VDW
6rw0	A	334	 	S	H	0.562	-1.369	-0.745	-0.228	1.399	-4.76	0.67	-2.647	17.0	R	A	337	 	H	B	0.636	-1.086	2.354	0.336	-0.417	-1.673	-1.474	-0.078	13.0	N	
6rw0	A	197	 	W	H	0.101	-1.052	-0.562	-0.595	0.009	0.672	-2.128	-0.184	12.0	M	A	225	 	H	H	0.168	-1.132	-0.602	0.336	-0.417	-1.673	-1.474	-0.078	1.0	B	PIPISTACK
6rw0	A	247	 	T	S	0.155	-1.495	-3.109	-0.032	0.326	2.213	0.908	1.313	2.0	C	A	272	 	E	E	0.49	-1.834	2.125	1.357	-1.453	1.477	0.113	-0.837	4.0	E	
6rw0	A	378	 	K	G	0.405	-1.694	-0.084	1.831	-0.561	0.533	-0.277	1.648	14.0	O	A	381	 	G	-	0.369	1.335	0.105	-0.384	1.652	1.33	1.045	2.064	17.0	R	
6rw0	A	254	 	C	E	0.007	-1.788	2.543	-1.343	0.465	-0.862	-1.02	-0.255	7.0	H	A	309	 	T	E	0.0	-2.687	2.948	-0.032	0.326	2.213	0.908	1.313	16.0	Q	
6rw0	A	364	 	I	H	0.006	-1.034	-0.837	-1.239	-0.547	2.131	0.393	0.816	17.0	R	A	451	 	L	E	0.049	-1.976	2.379	-1.019	-0.987	-1.505	1.266	-0.912	8.0	I	
6rw0	A	269	 	N	E	0.204	-2.349	1.514	0.945	0.828	1.299	-0.169	0.933	2.0	C	A	289	 	V	E	0.0	-2.257	2.15	-1.337	-0.279	-0.544	1.242	-1.262	18.0	S	HBOND
6rw0	A	269	 	N	E	0.204	-2.349	1.514	0.945	0.828	1.299	-0.169	0.933	2.0	C	A	289	 	V	E	0.0	-2.257	2.15	-1.337	-0.279	-0.544	1.242	-1.262	18.0	S	VDW
6rw0	A	189	 	H	T	0.255	-1.342	-0.2	0.336	-0.417	-1.673	-1.474	-0.078	9.0	J	A	523	 	G	S	0.0	1.417	-3.059	-0.384	1.652	1.33	1.045	2.064	0.0	A	
6rw0	A	311	 	L	-	0.0	-1.368	2.766	-1.019	-0.987	-1.505	1.266	-0.912	0.0	A	A	352	 	F	-	0.0	-1.633	-0.058	-1.006	-0.59	1.891	-0.397	0.412	15.0	P	
6rw0	A	405	 	Q	T	0.247	-1.223	-0.222	0.931	-0.179	-3.005	-0.503	-1.853	9.0	J	A	444	 	N	E	0.293	-2.275	2.346	0.945	0.828	1.299	-0.169	0.933	10.0	K	
6rw0	A	513	 	L	B	0.085	-2.248	2.911	-1.019	-0.987	-1.505	1.266	-0.912	5.0	F	A	518	 	L	H	0.006	-1.199	-0.656	-1.019	-0.987	-1.505	1.266	-0.912	13.0	N	
6rw0	A	327	 	M	H	0.064	-1.131	-0.733	-0.663	-1.524	2.219	-1.005	1.212	14.0	O	A	331	 	E	H	0.149	-1.094	-0.758	1.357	-1.453	1.477	0.113	-0.837	17.0	R	HBOND
6rw0	A	363	 	F	H	0.0	-1.024	-0.816	-1.006	-0.59	1.891	-0.397	0.412	1.0	B	A	407	 	C	S	0.0	1.104	0.671	-1.343	0.465	-0.862	-1.02	-0.255	15.0	P	
6rw0	A	464	 	I	P	0.426	-1.236	2.417	-1.239	-0.547	2.131	0.393	0.816	0.0	A	A	514	 	T	-	0.099	-1.598	2.922	-0.032	0.326	2.213	0.908	1.313	5.0	F	
6rw0	A	264	 	S	E	0.431	-1.848	2.682	-0.228	1.399	-4.76	0.67	-2.647	2.0	C	A	292	 	L	E	0.0	-2.047	2.495	-1.019	-0.987	-1.505	1.266	-0.912	7.0	H	
6rw0	A	205	 	L	H	0.262	-1.113	-0.689	-1.019	-0.987	-1.505	1.266	-0.912	9.0	J	A	237	 	L	T	0.262	-1.485	0.0	-1.019	-0.987	-1.505	1.266	-0.912	15.0	P	
6rw0	A	173	 	N	E	0.0	-1.516	1.927	0.945	0.828	1.299	-0.169	0.933	0.0	A	A	220	 	E	E	0.103	1.034	0.677	1.357	-1.453	1.477	0.113	-0.837	4.0	E	HBOND
6rw0	A	173	 	N	E	0.0	-1.516	1.927	0.945	0.828	1.299	-0.169	0.933	0.0	A	A	220	 	E	E	0.103	1.034	0.677	1.357	-1.453	1.477	0.113	-0.837	4.0	E	VDW
6rw0	A	450	 	S	-	0.562	-2.15	1.63	-0.228	1.399	-4.76	0.67	-2.647	11.0	L	A	484	 	S	E	0.085	-1.092	2.219	-0.228	1.399	-4.76	0.67	-2.647	5.0	F	
6rw0	A	311	 	L	-	0.0	-1.368	2.766	-1.019	-0.987	-1.505	1.266	-0.912	0.0	A	A	321	 	K	H	0.0	-0.992	-0.867	1.831	-0.561	0.533	-0.277	1.648	9.0	J	
6rw0	A	504	 	L	-	0.043	-2.086	2.609	-1.019	-0.987	-1.505	1.266	-0.912	8.0	I	A	541	 	R	E	0.27	-2.156	2.232	1.538	-0.055	1.502	0.44	2.897	10.0	K	
6rw0	A	346	 	I	E	0.012	-2.116	2.359	-1.239	-0.547	2.131	0.393	0.816	19.0	T	A	451	 	L	E	0.049	-1.976	2.379	-1.019	-0.987	-1.505	1.266	-0.912	8.0	I	
6rw0	A	371	 	Y	-	0.005	-1.751	0.243	0.26	0.83	3.097	-0.838	1.512	13.0	N	A	396	 	I	S	0.065	-1.181	-0.709	-1.239	-0.547	2.131	0.393	0.816	15.0	P	VDW
6rw0	A	374	 	L	-	0.152	-1.493	2.058	-1.019	-0.987	-1.505	1.266	-0.912	12.0	M	A	379	 	V	S	0.0	-1.084	-0.795	-1.337	-0.279	-0.544	1.242	-1.262	14.0	O	
6rw0	A	368	 	K	E	0.629	-2.687	2.627	1.831	-0.561	0.533	-0.277	1.648	8.0	I	A	446	 	Q	E	0.48	-2.374	2.844	0.931	-0.179	-3.005	-0.503	-1.853	5.0	F	
6rw0	A	187	 	Y	G	0.041	-2.073	0.35	0.26	0.83	3.097	-0.838	1.512	0.0	A	A	525	 	P	S	0.0	-1.149	2.811	0.189	2.081	-1.628	0.421	-1.392	12.0	M	VDW
6rw0	A	458	 	Y	B	0.509	-2.467	2.475	0.26	0.83	3.097	-0.838	1.512	0.0	A	A	465	 	P	B	0.507	-1.23	2.499	0.189	2.081	-1.628	0.421	-1.392	5.0	F	
6rw0	A	525	 	P	S	0.0	-1.149	2.811	0.189	2.081	-1.628	0.421	-1.392	12.0	M	A	532	 	D	S	0.037	-1.404	0.025	1.05	0.302	-3.656	-0.259	-3.242	14.0	O	VDW
6rw0	A	359	 	P	H	0.243	-0.946	-0.73	0.189	2.081	-1.628	0.421	-1.392	13.0	N	A	378	 	K	G	0.405	-1.694	-0.084	1.831	-0.561	0.533	-0.277	1.648	14.0	O	
6rw0	A	271	 	V	E	0.063	-2.285	2.173	-1.337	-0.279	-0.544	1.242	-1.262	0.0	A	A	287	 	G	E	0.0	-2.454	3.037	-0.384	1.652	1.33	1.045	2.064	8.0	I	HBOND
6rw0	A	308	 	N	E	0.0	-2.557	2.455	0.945	0.828	1.299	-0.169	0.933	3.0	D	A	328	 	L	H	0.0	-1.11	-0.803	-1.019	-0.987	-1.505	1.266	-0.912	14.0	O	
6rw0	A	408	 	V	-	0.232	-2.104	2.632	-1.337	-0.279	-0.544	1.242	-1.262	6.0	G	A	448	 	H	-	0.554	-1.82	0.241	0.336	-0.417	-1.673	-1.474	-0.078	2.0	C	
6rw0	A	323	 	T	H	0.0	-1.246	-0.718	-0.032	0.326	2.213	0.908	1.313	15.0	P	A	326	 	A	H	0.0	-1.032	-0.669	-0.591	-1.302	-0.733	1.57	-0.146	9.0	J	
6rw0	A	171	 	S	E	0.008	-1.998	2.147	-0.228	1.399	-4.76	0.67	-2.647	3.0	D	A	219	 	Q	E	0.0	-2.145	2.828	0.931	-0.179	-3.005	-0.503	-1.853	18.0	S	HBOND
6rw0	A	198	 	S	H	0.762	-1.108	-0.428	-0.228	1.399	-4.76	0.67	-2.647	17.0	R	A	202	 	P	H	0.507	-0.987	-0.645	0.189	2.081	-1.628	0.421	-1.392	17.0	R	VDW
6rw0	A	217	 	C	E	0.0	-2.019	1.859	-1.343	0.465	-0.862	-1.02	-0.255	8.0	I	A	349	 	C	E	0.0	-1.922	2.806	-1.343	0.465	-0.862	-1.02	-0.255	18.0	S	VDW
6rw0	A	402	 	G	-	0.071	1.347	0.527	-0.384	1.652	1.33	1.045	2.064	13.0	N	A	412	 	Q	-	0.51	-1.336	2.577	0.931	-0.179	-3.005	-0.503	-1.853	5.0	F	
6rw0	A	294	 	P	E	0.029	-0.996	2.407	0.189	2.081	-1.628	0.421	-1.392	16.0	Q	A	302	 	P	-	0.309	-1.23	2.795	0.189	2.081	-1.628	0.421	-1.392	0.0	A	VDW
6rw0	A	274	 	F	-	0.35	-1.332	2.12	-1.006	-0.59	1.891	-0.397	0.412	0.0	A	A	283	 	R	-	0.258	-1.888	2.691	1.538	-0.055	1.502	0.44	2.897	5.0	F	
6rw0	A	519	 	W	H	0.396	-1.247	-0.399	-0.595	0.009	0.672	-2.128	-0.184	1.0	B	A	522	 	N	T	0.745	1.15	0.535	0.945	0.828	1.299	-0.169	0.933	15.0	P	HBOND
6rw0	A	242	 	E	E	0.253	-2.212	2.335	1.357	-1.453	1.477	0.113	-0.837	2.0	C	A	288	 	L	E	0.006	-2.635	2.356	-1.019	-0.987	-1.505	1.266	-0.912	7.0	H	
6rw0	A	223	 	E	H	0.552	-1.041	-0.844	1.357	-1.453	1.477	0.113	-0.837	17.0	R	A	227	 	G	I	0.607	-1.185	-0.685	-0.384	1.652	1.33	1.045	2.064	17.0	R	HBOND
6rw0	A	223	 	E	H	0.552	-1.041	-0.844	1.357	-1.453	1.477	0.113	-0.837	17.0	R	A	227	 	G	I	0.607	-1.185	-0.685	-0.384	1.652	1.33	1.045	2.064	17.0	R	VDW
6rw0	A	170	 	M	E	0.0	-2.003	2.279	-0.663	-1.524	2.219	-1.005	1.212	8.0	I	A	215	 	V	E	0.0	-2.293	2.324	-1.337	-0.279	-0.544	1.242	-1.262	8.0	I	HBOND
6rw0	A	176	 	S	-	0.015	-1.23	2.36	-0.228	1.399	-4.76	0.67	-2.647	0.0	A	A	179	 	L	H	0.159	-1.226	-0.591	-1.019	-0.987	-1.505	1.266	-0.912	17.0	R	HBOND
6rw0	A	176	 	S	-	0.015	-1.23	2.36	-0.228	1.399	-4.76	0.67	-2.647	0.0	A	A	179	 	L	H	0.159	-1.226	-0.591	-1.019	-0.987	-1.505	1.266	-0.912	17.0	R	VDW
6rw0	A	453	 	S	E	0.1	-1.749	2.378	-0.228	1.399	-4.76	0.67	-2.647	18.0	S	A	481	 	I	E	0.0	-2.084	1.971	-1.239	-0.547	2.131	0.393	0.816	7.0	H	
6rw0	A	469	 	T	E	0.049	-2.57	2.58	-0.032	0.326	2.213	0.908	1.313	4.0	E	A	532	 	D	S	0.037	-1.404	0.025	1.05	0.302	-3.656	-0.259	-3.242	14.0	O	
6rw0	A	355	 	V	-	0.162	-1.764	2.839	-1.337	-0.279	-0.544	1.242	-1.262	0.0	A	A	476	 	I	E	0.29	-2.681	2.914	-1.239	-0.547	2.131	0.393	0.816	5.0	F	
6rw0	A	177	 	Q	H	0.051	-1.059	-0.737	0.931	-0.179	-3.005	-0.503	-1.853	9.0	J	A	181	 	E	H	0.572	-1.176	-0.584	1.357	-1.453	1.477	0.113	-0.837	17.0	R	HBOND
6rw0	A	177	 	Q	H	0.051	-1.059	-0.737	0.931	-0.179	-3.005	-0.503	-1.853	9.0	J	A	181	 	E	H	0.572	-1.176	-0.584	1.357	-1.453	1.477	0.113	-0.837	17.0	R	VDW
6rw0	A	322	 	L	H	0.0	-1.123	-0.607	-1.019	-0.987	-1.505	1.266	-0.912	17.0	R	A	360	 	L	H	0.012	-1.126	-0.766	-1.019	-0.987	-1.505	1.266	-0.912	1.0	B	
6rw0	A	174	 	I	-	0.024	-1.568	-0.089	-1.239	-0.547	2.131	0.393	0.816	13.0	N	A	230	 	I	I	0.03	-1.169	-0.922	-1.239	-0.547	2.131	0.393	0.816	17.0	R	
6rw0	A	172	 	Y	E	0.005	-2.546	2.079	0.26	0.83	3.097	-0.838	1.512	3.0	D	A	207	 	E	H	0.144	-1.092	-0.816	1.357	-1.453	1.477	0.113	-0.837	17.0	R	HBOND
6rw0	A	457	 	H	S	0.054	1.438	-0.165	0.336	-0.417	-1.673	-1.474	-0.078	13.0	N	A	480	 	Y	E	0.018	-2.513	2.691	0.26	0.83	3.097	-0.838	1.512	16.0	Q	PIPISTACK
6rw0	A	384	 	Q	-	0.283	-2.537	2.818	0.931	-0.179	-3.005	-0.503	-1.853	2.0	C	A	389	 	Q	P	0.162	-1.706	2.496	0.931	-0.179	-3.005	-0.503	-1.853	5.0	F	
6rw0	A	127	 	H	-	1.0		2.686	0.336	-0.417	-1.673	-1.474	-0.078			A	130	 	V	-	0.641	-1.189	2.312	-1.337	-0.279	-0.544	1.242	-1.262	2.0	C	HBOND
6rw0	A	266	 	L	E	0.561	-1.66	-0.707	-1.019	-0.987	-1.505	1.266	-0.912	2.0	C	A	292	 	L	E	0.0	-2.047	2.495	-1.019	-0.987	-1.505	1.266	-0.912	7.0	H	
6rw0	A	277	 	D	T	0.521	-1.552	0.024	1.05	0.302	-3.656	-0.259	-3.242	12.0	M	A	400	 	N	G	0.369	-1.271	-0.179	0.945	0.828	1.299	-0.169	0.933	17.0	R	
6rw0	A	373	 	G	T	0.607	1.285	0.13	-0.384	1.652	1.33	1.045	2.064	13.0	N	A	391	 	I	B	0.462	-1.497	2.509	-1.239	-0.547	2.131	0.393	0.816	5.0	F	
6rw0	A	312	 	L	-	0.085	-0.786	2.34	-1.019	-0.987	-1.505	1.266	-0.912	2.0	C	A	324	 	Q	H	0.005	-1.017	-0.824	0.931	-0.179	-3.005	-0.503	-1.853	14.0	O	HBOND
6rw0	A	302	 	P	-	0.309	-1.23	2.795	0.189	2.081	-1.628	0.421	-1.392	0.0	A	A	544	 	L	-	0.555	-2.052		-1.019	-0.987	-1.505	1.266	-0.912			
6rw0	A	325	 	L	H	0.0	-1.011	-0.781	-1.019	-0.987	-1.505	1.266	-0.912	17.0	R	A	364	 	I	H	0.006	-1.034	-0.837	-1.239	-0.547	2.131	0.393	0.816	17.0	R	
6rw0	A	337	 	H	B	0.636	-1.086	2.354	0.336	-0.417	-1.673	-1.474	-0.078	13.0	N	A	342	 	S	S	0.346	-1.628	2.984	-0.228	1.399	-4.76	0.67	-2.647	2.0	C	
6rw0	A	310	 	H	E	0.114	-2.436	1.804	0.336	-0.417	-1.673	-1.474	-0.078	0.0	A	A	351	 	D	E	0.012	-1.769	1.844	1.05	0.302	-3.656	-0.259	-3.242	13.0	N	VDW
6rw0	A	177	 	Q	H	0.051	-1.059	-0.737	0.931	-0.179	-3.005	-0.503	-1.853	9.0	J	A	222	 	Q	E	0.025	-1.403	2.333	0.931	-0.179	-3.005	-0.503	-1.853	4.0	E	
6rw0	A	397	 	W	S	0.035	-2.158	2.714	-0.595	0.009	0.672	-2.128	-0.184	5.0	F	A	404	 	S	-	0.131	-1.346	3.052	-0.228	1.399	-4.76	0.67	-2.647	2.0	C	
6rw0	A	138	 	I	-	0.704	-1.69		-1.239	-0.547	2.131	0.393	0.816	12.0	M	A	509	 	R	E	0.169	-2.502	2.707	1.538	-0.055	1.502	0.44	2.897	18.0	S	
6rw0	A	242	 	E	E	0.253	-2.212	2.335	1.357	-1.453	1.477	0.113	-0.837	2.0	C	A	257	 	C	E	0.0	-2.209	2.578	-1.343	0.465	-0.862	-1.02	-0.255	7.0	H	
6rw0	A	215	 	V	E	0.0	-2.293	2.324	-1.337	-0.279	-0.544	1.242	-1.262	8.0	I	A	256	 	I	E	0.0	-2.11	2.184	-1.239	-0.547	2.131	0.393	0.816	10.0	K	
6rw0	A	170	 	M	E	0.0	-2.003	2.279	-0.663	-1.524	2.219	-1.005	1.212	8.0	I	A	216	 	L	E	0.0	-2.039	2.238	-1.019	-0.987	-1.505	1.266	-0.912	19.0	T	
6rw0	A	352	 	F	-	0.0	-1.633	-0.058	-1.006	-0.59	1.891	-0.397	0.412	15.0	P	A	479	 	D	E	0.025	-1.837	2.501	1.05	0.302	-3.656	-0.259	-3.242	7.0	H	
6rw0	A	471	 	H	E	0.141	-2.169	-2.913	0.336	-0.417	-1.673	-1.474	-0.078	16.0	Q	A	519	 	W	H	0.396	-1.247	-0.399	-0.595	0.009	0.672	-2.128	-0.184	1.0	B	
6rw0	A	343	 	F	B	0.213	-1.669	2.478	-1.006	-0.59	1.891	-0.397	0.412	5.0	F	A	346	 	I	E	0.012	-2.116	2.359	-1.239	-0.547	2.131	0.393	0.816	19.0	T	
6rw0	A	203	 	N	H	0.229	-1.163	-0.764	0.945	0.828	1.299	-0.169	0.933	9.0	J	A	207	 	E	H	0.144	-1.092	-0.816	1.357	-1.453	1.477	0.113	-0.837	17.0	R	HBOND
6rw0	A	321	 	K	H	0.0	-0.992	-0.867	1.831	-0.561	0.533	-0.277	1.648	9.0	J	A	353	 	N	S	0.089	0.845	0.66	0.945	0.828	1.299	-0.169	0.933	11.0	L	
6rw0	A	167	 	F	E	0.005	-2.689	2.632	-1.006	-0.59	1.891	-0.397	0.412	4.0	E	A	214	 	D	S	0.153	-1.277	-0.547	1.05	0.302	-3.656	-0.259	-3.242	13.0	N	
6rw0	A	274	 	F	-	0.35	-1.332	2.12	-1.006	-0.59	1.891	-0.397	0.412	0.0	A	A	281	 	L	-	0.006	-1.686	1.105	-1.019	-0.987	-1.505	1.266	-0.912	15.0	P	
6rw0	A	244	 	K	E	0.195	-2.422	1.95	1.831	-0.561	0.533	-0.277	1.648	2.0	C	A	286	 	V	E	0.014	-2.467	2.955	-1.337	-0.279	-0.544	1.242	-1.262	7.0	H	
6rw0	A	163	 	N	-	1.0		1.701	0.945	0.828	1.299	-0.169	0.933	1.0	B	A	543	 	E	E	0.505	-1.313	2.381	1.357	-1.453	1.477	0.113	-0.837	11.0	L	
6rw0	A	195	 	L	G	0.073	-1.604	-0.277	-1.019	-0.987	-1.505	1.266	-0.912	15.0	P	A	200	 	R	H	0.0	-1.274	-0.763	1.538	-0.055	1.502	0.44	2.897	14.0	O	
6rw0	A	524	 	L	S	0.0	-2.137	2.514	-1.019	-0.987	-1.505	1.266	-0.912	12.0	M	A	531	 	S	S	0.0	-2.163	2.826	-0.228	1.399	-4.76	0.67	-2.647	5.0	F	
6rw0	A	288	 	L	E	0.006	-2.635	2.356	-1.019	-0.987	-1.505	1.266	-0.912	7.0	H	A	307	 	A	E	0.0	-2.107	2.604	-0.591	-1.302	-0.733	1.57	-0.146	7.0	H	
6rw0	A	469	 	T	E	0.049	-2.57	2.58	-0.032	0.326	2.213	0.908	1.313	4.0	E	A	478	 	V	-	0.021	-2.254	-0.12	-1.337	-0.279	-0.544	1.242	-1.262	14.0	O	
6rw0	A	287	 	G	E	0.0	-2.454	3.037	-0.384	1.652	1.33	1.045	2.064	8.0	I	A	328	 	L	H	0.0	-1.11	-0.803	-1.019	-0.987	-1.505	1.266	-0.912	14.0	O	
6rw0	A	171	 	S	E	0.008	-1.998	2.147	-0.228	1.399	-4.76	0.67	-2.647	3.0	D	A	350	 	G	E	0.0	2.69	-3.062	-0.384	1.652	1.33	1.045	2.064	19.0	T	
6rw0	A	235	 	E	H	0.541	-1.06	-0.549	1.357	-1.453	1.477	0.113	-0.837	17.0	R	A	238	 	G	T	0.226	1.755	0.245	-0.384	1.652	1.33	1.045	2.064	13.0	N	HBOND
6rw0	A	322	 	L	H	0.0	-1.123	-0.607	-1.019	-0.987	-1.505	1.266	-0.912	17.0	R	A	392	 	L	P	0.049	-0.916	2.434	-1.019	-0.987	-1.505	1.266	-0.912	0.0	A	
6rw0	A	175	 	L	-	0.012	1.278	1.869	-1.019	-0.987	-1.505	1.266	-0.912	0.0	A	A	531	 	S	S	0.0	-2.163	2.826	-0.228	1.399	-4.76	0.67	-2.647	5.0	F	
6rw0	A	265	 	L	E	0.348	-1.623	2.164	-1.019	-0.987	-1.505	1.266	-0.912	18.0	S	A	290	 	L	E	0.0	-1.914	2.576	-1.019	-0.987	-1.505	1.266	-0.912	16.0	Q	
6rw0	A	271	 	V	E	0.063	-2.285	2.173	-1.337	-0.279	-0.544	1.242	-1.262	0.0	A	A	288	 	L	E	0.006	-2.635	2.356	-1.019	-0.987	-1.505	1.266	-0.912	7.0	H	
6rw0	A	241	 	C	E	0.007	-2.045	2.367	-1.343	0.465	-0.862	-1.02	-0.255	8.0	I	A	256	 	I	E	0.0	-2.11	2.184	-1.239	-0.547	2.131	0.393	0.816	10.0	K	
6rw0	A	134	 	N	-	0.452	-1.96	2.64	0.945	0.828	1.299	-0.169	0.933	2.0	C	A	509	 	R	E	0.169	-2.502	2.707	1.538	-0.055	1.502	0.44	2.897	18.0	S	
6rw0	A	289	 	V	E	0.0	-2.257	2.15	-1.337	-0.279	-0.544	1.242	-1.262	18.0	S	A	335	 	V	H	0.12	-1.273	-0.702	-1.337	-0.279	-0.544	1.242	-1.262	17.0	R	
6rw0	A	217	 	C	E	0.0	-2.019	1.859	-1.343	0.465	-0.862	-1.02	-0.255	8.0	I	A	306	 	V	E	0.007	-2.001	2.185	-1.337	-0.279	-0.544	1.242	-1.262	3.0	D	
6rw0	A	359	 	P	H	0.243	-0.946	-0.73	0.189	2.081	-1.628	0.421	-1.392	13.0	N	A	363	 	F	H	0.0	-1.024	-0.816	-1.006	-0.59	1.891	-0.397	0.412	1.0	B	HBOND
6rw0	A	336	 	A	S	0.009	-1.435	-0.141	-0.591	-1.302	-0.733	1.57	-0.146	13.0	N	A	343	 	F	B	0.213	-1.669	2.478	-1.006	-0.59	1.891	-0.397	0.412	5.0	F	
6rw0	A	315	 	P	T	0.154	-1.102	-0.517	0.189	2.081	-1.628	0.421	-1.392	9.0	J	A	384	 	Q	-	0.283	-2.537	2.818	0.931	-0.179	-3.005	-0.503	-1.853	2.0	C	
6rw0	A	347	 	V	E	0.0	-2.131	2.093	-1.337	-0.279	-0.544	1.242	-1.262	8.0	I	A	540	 	F	E	0.0	-2.035	2.733	-1.006	-0.59	1.891	-0.397	0.412	7.0	H	
6rw0	A	321	 	K	H	0.0	-0.992	-0.867	1.831	-0.561	0.533	-0.277	1.648	9.0	J	A	380	 	S	S	0.0	-1.607	-0.338	-0.228	1.399	-4.76	0.67	-2.647	14.0	O	
6rw0	A	174	 	I	-	0.024	-1.568	-0.089	-1.239	-0.547	2.131	0.393	0.816	13.0	N	A	220	 	E	E	0.103	1.034	0.677	1.357	-1.453	1.477	0.113	-0.837	4.0	E	
6rw0	A	208	 	I	H	0.03	-1.053	-0.746	-1.239	-0.547	2.131	0.393	0.816	1.0	B	A	239	 	Y	E	0.005	-1.695	2.465	0.26	0.83	3.097	-0.838	1.512	8.0	I	
6rw0	A	168	 	S	E	0.123	-1.944	2.654	-0.228	1.399	-4.76	0.67	-2.647	8.0	I	A	537	 	L	E	0.012	-2.582	2.327	-1.019	-0.987	-1.505	1.266	-0.912	10.0	K	
6rw0	A	356	 	P	T	0.169	-1.027	2.403	0.189	2.081	-1.628	0.421	-1.392	12.0	M	A	458	 	Y	B	0.509	-2.467	2.475	0.26	0.83	3.097	-0.838	1.512	0.0	A	VDW
6rw0	A	247	 	T	S	0.155	-1.495	-3.109	-0.032	0.326	2.213	0.908	1.313	2.0	C	A	284	 	D	-	0.141	-1.583	0.176	1.05	0.302	-3.656	-0.259	-3.242	14.0	O	HBOND
6rw0	A	247	 	T	S	0.155	-1.495	-3.109	-0.032	0.326	2.213	0.908	1.313	2.0	C	A	284	 	D	-	0.141	-1.583	0.176	1.05	0.302	-3.656	-0.259	-3.242	14.0	O	VDW
6rw0	A	332	 	I	H	0.006	-1.051	-0.746	-1.239	-0.547	2.131	0.393	0.816	13.0	N	A	449	 	F	-	0.107	-1.661	2.902	-1.006	-0.59	1.891	-0.397	0.412	0.0	A	
6rw0	A	360	 	L	H	0.012	-1.126	-0.766	-1.019	-0.987	-1.505	1.266	-0.912	1.0	B	A	364	 	I	H	0.006	-1.034	-0.837	-1.239	-0.547	2.131	0.393	0.816	17.0	R	HBOND
6rw0	A	240	 	H	E	0.261	-1.611	2.287	0.336	-0.417	-1.673	-1.474	-0.078	2.0	C	A	257	 	C	E	0.0	-2.209	2.578	-1.343	0.465	-0.862	-1.02	-0.255	7.0	H	VDW
6rw0	A	509	 	R	E	0.169	-2.502	2.707	1.538	-0.055	1.502	0.44	2.897	18.0	S	A	537	 	L	E	0.012	-2.582	2.327	-1.019	-0.987	-1.505	1.266	-0.912	10.0	K	
6rw0	A	348	 	M	E	0.0	-2.084	1.935	-0.663	-1.524	2.219	-1.005	1.212	19.0	T	A	364	 	I	H	0.006	-1.034	-0.837	-1.239	-0.547	2.131	0.393	0.816	17.0	R	
6rw0	A	195	 	L	G	0.073	-1.604	-0.277	-1.019	-0.987	-1.505	1.266	-0.912	15.0	P	A	525	 	P	S	0.0	-1.149	2.811	0.189	2.081	-1.628	0.421	-1.392	12.0	M	
6rw0	A	137	 	Y	E	0.788	-1.524	2.361	0.26	0.83	3.097	-0.838	1.512	4.0	E	A	507	 	L	E	0.207	-1.556	-0.681	-1.019	-0.987	-1.505	1.266	-0.912	5.0	F	
6rw0	A	457	 	H	S	0.054	1.438	-0.165	0.336	-0.417	-1.673	-1.474	-0.078	13.0	N	A	466	 	E	P	0.046	-1.246	2.546	1.357	-1.453	1.477	0.113	-0.837	4.0	E	HBOND
6rw0	A	457	 	H	S	0.054	1.438	-0.165	0.336	-0.417	-1.673	-1.474	-0.078	13.0	N	A	466	 	E	P	0.046	-1.246	2.546	1.357	-1.453	1.477	0.113	-0.837	4.0	E	VDW
6rw0	A	269	 	N	E	0.204	-2.349	1.514	0.945	0.828	1.299	-0.169	0.933	2.0	C	A	331	 	E	H	0.149	-1.094	-0.758	1.357	-1.453	1.477	0.113	-0.837	17.0	R	
6rw0	A	354	 	S	-	0.008	-2.534	2.535	-0.228	1.399	-4.76	0.67	-2.647	0.0	A	A	382	 	Q	S	0.03	-1.268	2.738	0.931	-0.179	-3.005	-0.503	-1.853	2.0	C	
6rw0	A	245	 	M	E	0.303	-1.437	2.546	-0.663	-1.524	2.219	-1.005	1.212	0.0	A	A	286	 	V	E	0.014	-2.467	2.955	-1.337	-0.279	-0.544	1.242	-1.262	7.0	H	
6rw0	A	242	 	E	E	0.253	-2.212	2.335	1.357	-1.453	1.477	0.113	-0.837	2.0	C	A	255	 	A	E	0.0	-2.253	2.498	-0.591	-1.302	-0.733	1.57	-0.146	10.0	K	VDW
6rw0	A	311	 	L	-	0.0	-1.368	2.766	-1.019	-0.987	-1.505	1.266	-0.912	0.0	A	A	360	 	L	H	0.012	-1.126	-0.766	-1.019	-0.987	-1.505	1.266	-0.912	1.0	B	
6rw0	A	169	 	V	E	0.0	-2.347	2.278	-1.337	-0.279	-0.544	1.242	-1.262	3.0	D	A	540	 	F	E	0.0	-2.035	2.733	-1.006	-0.59	1.891	-0.397	0.412	7.0	H	
6rw0	A	226	 	Y	I	0.072	-1.079	-0.827	0.26	0.83	3.097	-0.838	1.512	1.0	B	A	231	 	R	H	0.29	-1.094	-0.808	1.538	-0.055	1.502	0.44	2.897	17.0	R	HBOND
6rw0	A	226	 	Y	I	0.072	-1.079	-0.827	0.26	0.83	3.097	-0.838	1.512	1.0	B	A	231	 	R	H	0.29	-1.094	-0.808	1.538	-0.055	1.502	0.44	2.897	17.0	R	VDW
6rw0	A	451	 	L	E	0.049	-1.976	2.379	-1.019	-0.987	-1.505	1.266	-0.912	8.0	I	A	484	 	S	E	0.085	-1.092	2.219	-0.228	1.399	-4.76	0.67	-2.647	5.0	F	
6rw0	A	369	 	L	E	0.104	-2.678	2.104	-1.019	-0.987	-1.505	1.266	-0.912	5.0	F	A	444	 	N	E	0.293	-2.275	2.346	0.945	0.828	1.299	-0.169	0.933	10.0	K	VDW
6rw0	A	316	 	R	T	0.605	-1.206	-0.606	1.538	-0.055	1.502	0.44	2.897	13.0	N	A	389	 	Q	P	0.162	-1.706	2.496	0.931	-0.179	-3.005	-0.503	-1.853	5.0	F	
6rw0	A	481	 	I	E	0.0	-2.084	1.971	-1.239	-0.547	2.131	0.393	0.816	7.0	H	A	537	 	L	E	0.012	-2.582	2.327	-1.019	-0.987	-1.505	1.266	-0.912	10.0	K	
6rw0	A	518	 	L	H	0.006	-1.199	-0.656	-1.019	-0.987	-1.505	1.266	-0.912	13.0	N	A	534	 	L	P	0.018	-1.676	2.571	-1.019	-0.987	-1.505	1.266	-0.912	6.0	G	
6rw0	A	338	 	Q	-	0.232	-1.949	2.852	0.931	-0.179	-3.005	-0.503	-1.853	2.0	C	A	344	 	C	P	0.022	-1.218	2.924	-1.343	0.465	-0.862	-1.02	-0.255	13.0	N	
6rw0	A	329	 	L	H	0.0	-1.071	-0.666	-1.019	-0.987	-1.505	1.266	-0.912	9.0	J	A	333	 	S	H	0.146	-1.055	-0.588	-0.228	1.399	-4.76	0.67	-2.647	17.0	R	HBOND
6rw0	A	505	 	K	E	0.527	-1.751	2.257	1.831	-0.561	0.533	-0.277	1.648	0.0	A	A	541	 	R	E	0.27	-2.156	2.232	1.538	-0.055	1.502	0.44	2.897	10.0	K	HBOND
6rw0	A	407	 	C	S	0.0	1.104	0.671	-1.343	0.465	-0.862	-1.02	-0.255	15.0	P	A	445	 	L	E	0.0	-1.856	2.575	-1.019	-0.987	-1.505	1.266	-0.912	14.0	O	
6rw0	A	348	 	M	E	0.0	-2.084	1.935	-0.663	-1.524	2.219	-1.005	1.212	19.0	T	A	481	 	I	E	0.0	-2.084	1.971	-1.239	-0.547	2.131	0.393	0.816	7.0	H	
6rw0	A	309	 	T	E	0.0	-2.687	2.948	-0.032	0.326	2.213	0.908	1.313	16.0	Q	A	328	 	L	H	0.0	-1.11	-0.803	-1.019	-0.987	-1.505	1.266	-0.912	14.0	O	VDW
6rw0	A	250	 	K	-	0.351	-1.433	2.537	1.831	-0.561	0.533	-0.277	1.648	5.0	F	A	284	 	D	-	0.141	-1.583	0.176	1.05	0.302	-3.656	-0.259	-3.242	14.0	O	IONIC
6rw0	A	250	 	K	-	0.351	-1.433	2.537	1.831	-0.561	0.533	-0.277	1.648	5.0	F	A	284	 	D	-	0.141	-1.583	0.176	1.05	0.302	-3.656	-0.259	-3.242	14.0	O	HBOND
6rw0	A	250	 	K	-	0.351	-1.433	2.537	1.831	-0.561	0.533	-0.277	1.648	5.0	F	A	284	 	D	-	0.141	-1.583	0.176	1.05	0.302	-3.656	-0.259	-3.242	14.0	O	VDW
6rw0	A	214	 	D	S	0.153	-1.277	-0.547	1.05	0.302	-3.656	-0.259	-3.242	13.0	N	A	259	 	K	E	0.102	-1.172	2.244	1.831	-0.561	0.533	-0.277	1.648	14.0	O	HBOND
6rw0	A	214	 	D	S	0.153	-1.277	-0.547	1.05	0.302	-3.656	-0.259	-3.242	13.0	N	A	259	 	K	E	0.102	-1.172	2.244	1.831	-0.561	0.533	-0.277	1.648	14.0	O	VDW
6rw0	A	225	 	H	H	0.168	-1.132	-0.602	0.336	-0.417	-1.673	-1.474	-0.078	1.0	B	A	230	 	I	I	0.03	-1.169	-0.922	-1.239	-0.547	2.131	0.393	0.816	17.0	R	HBOND
6rw0	A	374	 	L	-	0.152	-1.493	2.058	-1.019	-0.987	-1.505	1.266	-0.912	12.0	M	A	391	 	I	B	0.462	-1.497	2.509	-1.239	-0.547	2.131	0.393	0.816	5.0	F	
6rw0	A	292	 	L	E	0.0	-2.047	2.495	-1.019	-0.987	-1.505	1.266	-0.912	7.0	H	A	303	 	A	-	0.123	-1.22	2.861	-0.591	-1.302	-0.733	1.57	-0.146	7.0	H	VDW
6rw0	A	346	 	I	E	0.012	-2.116	2.359	-1.239	-0.547	2.131	0.393	0.816	19.0	T	A	483	 	Y	E	0.113	-2.598	2.658	0.26	0.83	3.097	-0.838	1.512	7.0	H	VDW
6rw0	A	294	 	P	E	0.029	-0.996	2.407	0.189	2.081	-1.628	0.421	-1.392	16.0	Q	A	303	 	A	-	0.123	-1.22	2.861	-0.591	-1.302	-0.733	1.57	-0.146	7.0	H	
6rw0	A	134	 	N	-	0.452	-1.96	2.64	0.945	0.828	1.299	-0.169	0.933	2.0	C	A	510	 	L	E	0.024	-1.608	1.992	-1.019	-0.987	-1.505	1.266	-0.912	16.0	Q	
6rw0	A	171	 	S	E	0.008	-1.998	2.147	-0.228	1.399	-4.76	0.67	-2.647	3.0	D	A	217	 	C	E	0.0	-2.019	1.859	-1.343	0.465	-0.862	-1.02	-0.255	8.0	I	VDW
6rw0	A	218	 	L	E	0.006	-1.929	2.533	-1.019	-0.987	-1.505	1.266	-0.912	19.0	T	A	255	 	A	E	0.0	-2.253	2.498	-0.591	-1.302	-0.733	1.57	-0.146	10.0	K	HBOND
6rw0	A	469	 	T	E	0.049	-2.57	2.58	-0.032	0.326	2.213	0.908	1.313	4.0	E	A	533	 	H	B	0.049	-2.043	2.796	0.336	-0.417	-1.673	-1.474	-0.078	5.0	F	
6rw0	A	327	 	M	H	0.064	-1.131	-0.733	-0.663	-1.524	2.219	-1.005	1.212	14.0	O	A	330	 	A	H	0.0	-1.121	-0.716	-0.591	-1.302	-0.733	1.57	-0.146	13.0	N	
6rw0	A	230	 	I	I	0.03	-1.169	-0.922	-1.239	-0.547	2.131	0.393	0.816	17.0	R	A	233	 	S	H	0.2	-1.145	-0.735	-0.228	1.399	-4.76	0.67	-2.647	15.0	P	
6rw0	A	215	 	V	E	0.0	-2.293	2.324	-1.337	-0.279	-0.544	1.242	-1.262	8.0	I	A	257	 	C	E	0.0	-2.209	2.578	-1.343	0.465	-0.862	-1.02	-0.255	7.0	H	
6rw0	A	376	 	I	G	0.012	-1.052	-0.561	-1.239	-0.547	2.131	0.393	0.816	14.0	O	A	392	 	L	P	0.049	-0.916	2.434	-1.019	-0.987	-1.505	1.266	-0.912	0.0	A	
6rw0	A	504	 	L	-	0.043	-2.086	2.609	-1.019	-0.987	-1.505	1.266	-0.912	8.0	I	A	542	 	L	E	0.049	-1.787	1.974	-1.019	-0.987	-1.505	1.266	-0.912	11.0	L	
6rw0	A	285	 	N	-	0.038	-1.196	2.789	0.945	0.828	1.299	-0.169	0.933	18.0	S	A	324	 	Q	H	0.005	-1.017	-0.824	0.931	-0.179	-3.005	-0.503	-1.853	14.0	O	HBOND
6rw0	A	285	 	N	-	0.038	-1.196	2.789	0.945	0.828	1.299	-0.169	0.933	18.0	S	A	324	 	Q	H	0.005	-1.017	-0.824	0.931	-0.179	-3.005	-0.503	-1.853	14.0	O	VDW
6rw0	A	328	 	L	H	0.0	-1.11	-0.803	-1.019	-0.987	-1.505	1.266	-0.912	14.0	O	A	331	 	E	H	0.149	-1.094	-0.758	1.357	-1.453	1.477	0.113	-0.837	17.0	R	
6rw0	A	455	 	Y	-	0.027	-1.682	2.604	0.26	0.83	3.097	-0.838	1.512	2.0	C	A	466	 	E	P	0.046	-1.246	2.546	1.357	-1.453	1.477	0.113	-0.837	4.0	E	
6rw0	A	333	 	S	H	0.146	-1.055	-0.588	-0.228	1.399	-4.76	0.67	-2.647	17.0	R	A	408	 	V	-	0.232	-2.104	2.632	-1.337	-0.279	-0.544	1.242	-1.262	6.0	G	VDW
6rw0	A	315	 	P	T	0.154	-1.102	-0.517	0.189	2.081	-1.628	0.421	-1.392	9.0	J	A	380	 	S	S	0.0	-1.607	-0.338	-0.228	1.399	-4.76	0.67	-2.647	14.0	O	
6rw0	A	244	 	K	E	0.195	-2.422	1.95	1.831	-0.561	0.533	-0.277	1.648	2.0	C	A	253	 	G	E	0.036	-2.916	-2.862	-0.384	1.652	1.33	1.045	2.064	0.0	A	
6rw0	A	233	 	S	H	0.2	-1.145	-0.735	-0.228	1.399	-4.76	0.67	-2.647	15.0	P	A	237	 	L	T	0.262	-1.485	0.0	-1.019	-0.987	-1.505	1.266	-0.912	15.0	P	
6rw0	A	407	 	C	S	0.0	1.104	0.671	-1.343	0.465	-0.862	-1.02	-0.255	15.0	P	A	446	 	Q	E	0.48	-2.374	2.844	0.931	-0.179	-3.005	-0.503	-1.853	5.0	F	
6rw0	A	163	 	N	-	1.0		1.701	0.945	0.828	1.299	-0.169	0.933	1.0	B	A	544	 	L	-	0.555	-2.052		-1.019	-0.987	-1.505	1.266	-0.912			HBOND
6rw0	A	163	 	N	-	1.0		1.701	0.945	0.828	1.299	-0.169	0.933	1.0	B	A	544	 	L	-	0.555	-2.052		-1.019	-0.987	-1.505	1.266	-0.912			VDW
6rw0	A	226	 	Y	I	0.072	-1.079	-0.827	0.26	0.83	3.097	-0.838	1.512	1.0	B	A	229	 	E	I	0.314	-2.415	-0.867	1.357	-1.453	1.477	0.113	-0.837	12.0	M	
6rw0	A	453	 	S	E	0.1	-1.749	2.378	-0.228	1.399	-4.76	0.67	-2.647	18.0	S	A	482	 	F	E	0.0	-1.786	2.599	-1.006	-0.59	1.891	-0.397	0.412	7.0	H	
6rw0	A	217	 	C	E	0.0	-2.019	1.859	-1.343	0.465	-0.862	-1.02	-0.255	8.0	I	A	255	 	A	E	0.0	-2.253	2.498	-0.591	-1.302	-0.733	1.57	-0.146	10.0	K	
6rw0	A	355	 	V	-	0.162	-1.764	2.839	-1.337	-0.279	-0.544	1.242	-1.262	0.0	A	A	480	 	Y	E	0.018	-2.513	2.691	0.26	0.83	3.097	-0.838	1.512	16.0	Q	
6rw0	A	196	 	H	S	0.571	-1.177	2.489	0.336	-0.417	-1.673	-1.474	-0.078	2.0	C	A	200	 	R	H	0.0	-1.274	-0.763	1.538	-0.055	1.502	0.44	2.897	14.0	O	HBOND
6rw0	A	176	 	S	-	0.015	-1.23	2.36	-0.228	1.399	-4.76	0.67	-2.647	0.0	A	A	252	 	D	E	0.006	-2.424	2.955	1.05	0.302	-3.656	-0.259	-3.242	7.0	H	
6rw0	A	213	 	A	-	0.0	-1.25	2.61	-0.591	-1.302	-0.733	1.57	-0.146	5.0	F	A	537	 	L	E	0.012	-2.582	2.327	-1.019	-0.987	-1.505	1.266	-0.912	10.0	K	
6rw0	A	338	 	Q	-	0.232	-1.949	2.852	0.931	-0.179	-3.005	-0.503	-1.853	2.0	C	A	342	 	S	S	0.346	-1.628	2.984	-0.228	1.399	-4.76	0.67	-2.647	2.0	C	HBOND
6rw0	A	338	 	Q	-	0.232	-1.949	2.852	0.931	-0.179	-3.005	-0.503	-1.853	2.0	C	A	342	 	S	S	0.346	-1.628	2.984	-0.228	1.399	-4.76	0.67	-2.647	2.0	C	VDW
6rw0	A	319	 	D	H	0.025	-1.074	-0.811	1.05	0.302	-3.656	-0.259	-3.242	9.0	J	A	322	 	L	H	0.0	-1.123	-0.607	-1.019	-0.987	-1.505	1.266	-0.912	17.0	R	
6rw0	A	222	 	Q	E	0.025	-1.403	2.333	0.931	-0.179	-3.005	-0.503	-1.853	4.0	E	A	226	 	Y	I	0.072	-1.079	-0.827	0.26	0.83	3.097	-0.838	1.512	1.0	B	HBOND
6rw0	A	222	 	Q	E	0.025	-1.403	2.333	0.931	-0.179	-3.005	-0.503	-1.853	4.0	E	A	226	 	Y	I	0.072	-1.079	-0.827	0.26	0.83	3.097	-0.838	1.512	1.0	B	VDW
6rw0	A	190	 	C	S	0.067	-1.539	2.479	-1.343	0.465	-0.862	-1.02	-0.255	0.0	A	A	524	 	L	S	0.0	-2.137	2.514	-1.019	-0.987	-1.505	1.266	-0.912	12.0	M	
6rw0	A	353	 	N	S	0.089	0.845	0.66	0.945	0.828	1.299	-0.169	0.933	11.0	L	A	478	 	V	-	0.021	-2.254	-0.12	-1.337	-0.279	-0.544	1.242	-1.262	14.0	O	VDW
6rw0	A	455	 	Y	-	0.027	-1.682	2.604	0.26	0.83	3.097	-0.838	1.512	2.0	C	A	512	 	L	-	0.024	-1.619	-3.029	-1.019	-0.987	-1.505	1.266	-0.912	5.0	F	VDW
6rw0	A	241	 	C	E	0.007	-2.045	2.367	-1.343	0.465	-0.862	-1.02	-0.255	8.0	I	A	257	 	C	E	0.0	-2.209	2.578	-1.343	0.465	-0.862	-1.02	-0.255	7.0	H	
6rw0	A	166	 	D	E	0.123	-1.881	2.426	1.05	0.302	-3.656	-0.259	-3.242	8.0	I	A	262	 	K	T	0.259	-1.742	-0.445	1.831	-0.561	0.533	-0.277	1.648	4.0	E	HBOND
6rw0	A	203	 	N	H	0.229	-1.163	-0.764	0.945	0.828	1.299	-0.169	0.933	9.0	J	A	530	 	S	-	0.0	-1.791	0.316	-0.228	1.399	-4.76	0.67	-2.647	15.0	P	HBOND
6rw0	A	203	 	N	H	0.229	-1.163	-0.764	0.945	0.828	1.299	-0.169	0.933	9.0	J	A	530	 	S	-	0.0	-1.791	0.316	-0.228	1.399	-4.76	0.67	-2.647	15.0	P	VDW
6rw0	A	170	 	M	E	0.0	-2.003	2.279	-0.663	-1.524	2.219	-1.005	1.212	8.0	I	A	535	 	P	P	0.015	-1.306	2.458	0.189	2.081	-1.628	0.421	-1.392	10.0	K	
6rw0	A	358	 	S	S	0.046	-1.163	2.837	-0.228	1.399	-4.76	0.67	-2.647	13.0	N	A	361	 	Y	H	0.077	-1.058	-0.81	0.26	0.83	3.097	-0.838	1.512	11.0	L	HBOND
6rw0	A	358	 	S	S	0.046	-1.163	2.837	-0.228	1.399	-4.76	0.67	-2.647	13.0	N	A	361	 	Y	H	0.077	-1.058	-0.81	0.26	0.83	3.097	-0.838	1.512	11.0	L	VDW
6rw0	A	164	 	K	E	0.512	-2.705	2.792	1.831	-0.561	0.533	-0.277	1.648	18.0	S	A	543	 	E	E	0.505	-1.313	2.381	1.357	-1.453	1.477	0.113	-0.837	11.0	L	
6rw0	A	220	 	E	E	0.103	1.034	0.677	1.357	-1.453	1.477	0.113	-0.837	4.0	E	A	253	 	G	E	0.036	-2.916	-2.862	-0.384	1.652	1.33	1.045	2.064	0.0	A	
6rw0	A	375	 	P	B	0.243	-1.134	2.579	0.189	2.081	-1.628	0.421	-1.392	4.0	E	A	379	 	V	S	0.0	-1.084	-0.795	-1.337	-0.279	-0.544	1.242	-1.262	14.0	O	
6rw0	A	242	 	E	E	0.253	-2.212	2.335	1.357	-1.453	1.477	0.113	-0.837	2.0	C	A	265	 	L	E	0.348	-1.623	2.164	-1.019	-0.987	-1.505	1.266	-0.912	18.0	S	
6rw0	A	234	 	L	H	0.012	-1.212	-0.691	-1.019	-0.987	-1.505	1.266	-0.912	17.0	R	A	257	 	C	E	0.0	-2.209	2.578	-1.343	0.465	-0.862	-1.02	-0.255	7.0	H	VDW
6rw0	A	219	 	Q	E	0.0	-2.145	2.828	0.931	-0.179	-3.005	-0.503	-1.853	18.0	S	A	254	 	C	E	0.007	-1.788	2.543	-1.343	0.465	-0.862	-1.02	-0.255	7.0	H	
6rw0	A	244	 	K	E	0.195	-2.422	1.95	1.831	-0.561	0.533	-0.277	1.648	2.0	C	A	270	 	P	E	0.5	-1.266	2.717	0.189	2.081	-1.628	0.421	-1.392	8.0	I	
6rw0	A	361	 	Y	H	0.077	-1.058	-0.81	0.26	0.83	3.097	-0.838	1.512	11.0	L	A	453	 	S	E	0.1	-1.749	2.378	-0.228	1.399	-4.76	0.67	-2.647	18.0	S	
6rw0	A	467	 	V	B	0.028	-2.173	2.673	-1.337	-0.279	-0.544	1.242	-1.262	4.0	E	A	470	 	C	E	0.0	-2.781	1.619	-1.343	0.465	-0.862	-1.02	-0.255	18.0	S	
6rw0	A	168	 	S	E	0.123	-1.944	2.654	-0.228	1.399	-4.76	0.67	-2.647	8.0	I	A	539	 	K	E	0.41	-2.003	2.243	1.831	-0.561	0.533	-0.277	1.648	10.0	K	
6rw0	A	328	 	L	H	0.0	-1.11	-0.803	-1.019	-0.987	-1.505	1.266	-0.912	14.0	O	A	332	 	I	H	0.006	-1.051	-0.746	-1.239	-0.547	2.131	0.393	0.816	13.0	N	HBOND
6rw0	A	223	 	E	H	0.552	-1.041	-0.844	1.357	-1.453	1.477	0.113	-0.837	17.0	R	A	243	 	Y	E	0.212	-2.115	2.592	0.26	0.83	3.097	-0.838	1.512	18.0	S	
6rw0	A	278	 	I	-	0.03	-2.31	1.874	-1.239	-0.547	2.131	0.393	0.816	4.0	E	A	281	 	L	-	0.006	-1.686	1.105	-1.019	-0.987	-1.505	1.266	-0.912	15.0	P	HBOND
6rw0	A	278	 	I	-	0.03	-2.31	1.874	-1.239	-0.547	2.131	0.393	0.816	4.0	E	A	281	 	L	-	0.006	-1.686	1.105	-1.019	-0.987	-1.505	1.266	-0.912	15.0	P	VDW
6rw0	A	166	 	D	E	0.123	-1.881	2.426	1.05	0.302	-3.656	-0.259	-3.242	8.0	I	A	540	 	F	E	0.0	-2.035	2.733	-1.006	-0.59	1.891	-0.397	0.412	7.0	H	
6rw0	A	504	 	L	-	0.043	-2.086	2.609	-1.019	-0.987	-1.505	1.266	-0.912	8.0	I	A	540	 	F	E	0.0	-2.035	2.733	-1.006	-0.59	1.891	-0.397	0.412	7.0	H	
6rw0	A	371	 	Y	-	0.005	-1.751	0.243	0.26	0.83	3.097	-0.838	1.512	13.0	N	A	394	 	I	S	0.592	-2.018	1.888	-1.239	-0.547	2.131	0.393	0.816	17.0	R	
6rw0	A	357	 	G	T	0.631	1.408	-0.087	-0.384	1.652	1.33	1.045	2.064	12.0	M	A	362	 	S	H	0.231	-1.074	-0.66	-0.228	1.399	-4.76	0.67	-2.647	1.0	B	
6rw0	A	173	 	N	E	0.0	-1.516	1.927	0.945	0.828	1.299	-0.169	0.933	0.0	A	A	533	 	H	B	0.049	-2.043	2.796	0.336	-0.417	-1.673	-1.474	-0.078	5.0	F	
6rw0	A	315	 	P	T	0.154	-1.102	-0.517	0.189	2.081	-1.628	0.421	-1.392	9.0	J	A	377	 	G	G	0.0	-1.434	-0.055	-0.384	1.652	1.33	1.045	2.064	11.0	L	
6rw0	A	374	 	L	-	0.152	-1.493	2.058	-1.019	-0.987	-1.505	1.266	-0.912	12.0	M	A	378	 	K	G	0.405	-1.694	-0.084	1.831	-0.561	0.533	-0.277	1.648	14.0	O	
6rw0	A	177	 	Q	H	0.051	-1.059	-0.737	0.931	-0.179	-3.005	-0.503	-1.853	9.0	J	A	197	 	W	H	0.101	-1.052	-0.562	-0.595	0.009	0.672	-2.128	-0.184	12.0	M	
6rw0	A	265	 	L	E	0.348	-1.623	2.164	-1.019	-0.987	-1.505	1.266	-0.912	18.0	S	A	292	 	L	E	0.0	-2.047	2.495	-1.019	-0.987	-1.505	1.266	-0.912	7.0	H	
6rw0	A	172	 	Y	E	0.005	-2.546	2.079	0.26	0.83	3.097	-0.838	1.512	3.0	D	A	219	 	Q	E	0.0	-2.145	2.828	0.931	-0.179	-3.005	-0.503	-1.853	18.0	S	HBOND
6rw0	A	221	 	V	E	0.0	-1.483	1.924	-1.337	-0.279	-0.544	1.242	-1.262	0.0	A	A	252	 	D	E	0.006	-2.424	2.955	1.05	0.302	-3.656	-0.259	-3.242	7.0	H	VDW
6rw0	A	325	 	L	H	0.0	-1.011	-0.781	-1.019	-0.987	-1.505	1.266	-0.912	17.0	R	A	363	 	F	H	0.0	-1.024	-0.816	-1.006	-0.59	1.891	-0.397	0.412	1.0	B	VDW
6rw0	A	286	 	V	E	0.014	-2.467	2.955	-1.337	-0.279	-0.544	1.242	-1.262	7.0	H	A	310	 	H	E	0.114	-2.436	1.804	0.336	-0.417	-1.673	-1.474	-0.078	0.0	A	
6rw0	A	175	 	L	-	0.012	1.278	1.869	-1.019	-0.987	-1.505	1.266	-0.912	0.0	A	A	220	 	E	E	0.103	1.034	0.677	1.357	-1.453	1.477	0.113	-0.837	4.0	E	
6rw0	A	458	 	Y	B	0.509	-2.467	2.475	0.26	0.83	3.097	-0.838	1.512	0.0	A	A	464	 	I	P	0.426	-1.236	2.417	-1.239	-0.547	2.131	0.393	0.816	0.0	A	
6rw0	A	365	 	K	H	0.317	-1.263	-0.661	1.831	-0.561	0.533	-0.277	1.648	13.0	N	A	482	 	F	E	0.0	-1.786	2.599	-1.006	-0.59	1.891	-0.397	0.412	7.0	H	
6rw0	A	133	 	R	-	0.206	-1.753	2.098	1.538	-0.055	1.502	0.44	2.897	18.0	S	A	513	 	L	B	0.085	-2.248	2.911	-1.019	-0.987	-1.505	1.266	-0.912	5.0	F	
6rw0	A	278	 	I	-	0.03	-2.31	1.874	-1.239	-0.547	2.131	0.393	0.816	4.0	E	A	400	 	N	G	0.369	-1.271	-0.179	0.945	0.828	1.299	-0.169	0.933	17.0	R	
6rw0	A	271	 	V	E	0.063	-2.285	2.173	-1.337	-0.279	-0.544	1.242	-1.262	0.0	A	A	286	 	V	E	0.014	-2.467	2.955	-1.337	-0.279	-0.544	1.242	-1.262	7.0	H	
6rw0	A	273	 	F	-	0.0	-1.426	-0.245	-1.006	-0.59	1.891	-0.397	0.412	13.0	N	A	286	 	V	E	0.014	-2.467	2.955	-1.337	-0.279	-0.544	1.242	-1.262	7.0	H	
6rw0	A	170	 	M	E	0.0	-2.003	2.279	-0.663	-1.524	2.219	-1.005	1.212	8.0	I	A	536	 	L	E	0.006	-1.734	2.52	-1.019	-0.987	-1.505	1.266	-0.912	7.0	H	
6rw0	A	165	 	F	E	0.036	-2.187	2.074	-1.006	-0.59	1.891	-0.397	0.412	0.0	A	A	296	 	I	-	0.74	-2.489		-1.239	-0.547	2.131	0.393	0.816	17.0	R	
6rw0	A	468	 	T	S	0.0	-2.088	-0.077	-0.032	0.326	2.213	0.908	1.313	4.0	E	A	536	 	L	E	0.006	-1.734	2.52	-1.019	-0.987	-1.505	1.266	-0.912	7.0	H	
6rw0	A	349	 	C	E	0.0	-1.922	2.806	-1.343	0.465	-0.862	-1.02	-0.255	18.0	S	A	480	 	Y	E	0.018	-2.513	2.691	0.26	0.83	3.097	-0.838	1.512	16.0	Q	
6rw0	A	263	 	F	E	0.01	-2.579	2.71	-1.006	-0.59	1.891	-0.397	0.412	18.0	S	A	294	 	P	E	0.029	-0.996	2.407	0.189	2.081	-1.628	0.421	-1.392	16.0	Q	
6rw0	A	353	 	N	S	0.089	0.845	0.66	0.945	0.828	1.299	-0.169	0.933	11.0	L	A	380	 	S	S	0.0	-1.607	-0.338	-0.228	1.399	-4.76	0.67	-2.647	14.0	O	
6rw0	A	321	 	K	H	0.0	-0.992	-0.867	1.831	-0.561	0.533	-0.277	1.648	9.0	J	A	382	 	Q	S	0.03	-1.268	2.738	0.931	-0.179	-3.005	-0.503	-1.853	2.0	C	HBOND
6rw0	A	470	 	C	E	0.0	-2.781	1.619	-1.343	0.465	-0.862	-1.02	-0.255	18.0	S	A	519	 	W	H	0.396	-1.247	-0.399	-0.595	0.009	0.672	-2.128	-0.184	1.0	B	VDW
6rw0	A	350	 	G	E	0.0	2.69	-3.062	-0.384	1.652	1.33	1.045	2.064	19.0	T	A	480	 	Y	E	0.018	-2.513	2.691	0.26	0.83	3.097	-0.838	1.512	16.0	Q	HBOND
6rw0	A	307	 	A	E	0.0	-2.107	2.604	-0.591	-1.302	-0.733	1.57	-0.146	7.0	H	A	348	 	M	E	0.0	-2.084	1.935	-0.663	-1.524	2.219	-1.005	1.212	19.0	T	VDW
6rw0	A	507	 	L	E	0.207	-1.556	-0.681	-1.019	-0.987	-1.505	1.266	-0.912	5.0	F	A	540	 	F	E	0.0	-2.035	2.733	-1.006	-0.59	1.891	-0.397	0.412	7.0	H	
6rw0	A	208	 	I	H	0.03	-1.053	-0.746	-1.239	-0.547	2.131	0.393	0.816	1.0	B	A	237	 	L	T	0.262	-1.485	0.0	-1.019	-0.987	-1.505	1.266	-0.912	15.0	P	
6rw0	A	322	 	L	H	0.0	-1.123	-0.607	-1.019	-0.987	-1.505	1.266	-0.912	17.0	R	A	325	 	L	H	0.0	-1.011	-0.781	-1.019	-0.987	-1.505	1.266	-0.912	17.0	R	
6rw0	A	363	 	F	H	0.0	-1.024	-0.816	-1.006	-0.59	1.891	-0.397	0.412	1.0	B	A	447	 	H	-	0.06	-2.459	2.889	0.336	-0.417	-1.673	-1.474	-0.078	6.0	G	PIPISTACK
6rw0	A	363	 	F	H	0.0	-1.024	-0.816	-1.006	-0.59	1.891	-0.397	0.412	1.0	B	A	447	 	H	-	0.06	-2.459	2.889	0.336	-0.417	-1.673	-1.474	-0.078	6.0	G	VDW
6rw0	A	180	 	L	H	0.037	-1.036	-0.888	-1.019	-0.987	-1.505	1.266	-0.912	1.0	B	A	184	 	S	G	0.515	-1.065	-0.413	-0.228	1.399	-4.76	0.67	-2.647	17.0	R	
6rw0	A	329	 	L	H	0.0	-1.071	-0.666	-1.019	-0.987	-1.505	1.266	-0.912	9.0	J	A	363	 	F	H	0.0	-1.024	-0.816	-1.006	-0.59	1.891	-0.397	0.412	1.0	B	
6rw0	A	197	 	W	H	0.101	-1.052	-0.562	-0.595	0.009	0.672	-2.128	-0.184	12.0	M	A	200	 	R	H	0.0	-1.274	-0.763	1.538	-0.055	1.502	0.44	2.897	14.0	O	VDW
6rw0	A	247	 	T	S	0.155	-1.495	-3.109	-0.032	0.326	2.213	0.908	1.313	2.0	C	A	274	 	F	-	0.35	-1.332	2.12	-1.006	-0.59	1.891	-0.397	0.412	0.0	A	
6rw0	A	214	 	D	S	0.153	-1.277	-0.547	1.05	0.302	-3.656	-0.259	-3.242	13.0	N	A	239	 	Y	E	0.005	-1.695	2.465	0.26	0.83	3.097	-0.838	1.512	8.0	I	
6rw0	A	455	 	Y	-	0.027	-1.682	2.604	0.26	0.83	3.097	-0.838	1.512	2.0	C	A	509	 	R	E	0.169	-2.502	2.707	1.538	-0.055	1.502	0.44	2.897	18.0	S	
6rw0	A	283	 	R	-	0.258	-1.888	2.691	1.538	-0.055	1.502	0.44	2.897	5.0	F	A	324	 	Q	H	0.005	-1.017	-0.824	0.931	-0.179	-3.005	-0.503	-1.853	14.0	O	
6rw0	A	302	 	P	-	0.309	-1.23	2.795	0.189	2.081	-1.628	0.421	-1.392	0.0	A	A	542	 	L	E	0.049	-1.787	1.974	-1.019	-0.987	-1.505	1.266	-0.912	11.0	L	VDW
6rw0	A	367	 	G	S	0.107	1.343	0.222	-0.384	1.652	1.33	1.045	2.064	13.0	N	A	447	 	H	-	0.06	-2.459	2.889	0.336	-0.417	-1.673	-1.474	-0.078	6.0	G	HBOND
6rw0	A	367	 	G	S	0.107	1.343	0.222	-0.384	1.652	1.33	1.045	2.064	13.0	N	A	447	 	H	-	0.06	-2.459	2.889	0.336	-0.417	-1.673	-1.474	-0.078	6.0	G	VDW
6rw0	A	190	 	C	S	0.067	-1.539	2.479	-1.343	0.465	-0.862	-1.02	-0.255	0.0	A	A	525	 	P	S	0.0	-1.149	2.811	0.189	2.081	-1.628	0.421	-1.392	12.0	M	
6rw0	A	359	 	P	H	0.243	-0.946	-0.73	0.189	2.081	-1.628	0.421	-1.392	13.0	N	A	374	 	L	-	0.152	-1.493	2.058	-1.019	-0.987	-1.505	1.266	-0.912	12.0	M	
6rw0	A	329	 	L	H	0.0	-1.071	-0.666	-1.019	-0.987	-1.505	1.266	-0.912	9.0	J	A	407	 	C	S	0.0	1.104	0.671	-1.343	0.465	-0.862	-1.02	-0.255	15.0	P	
6rw0	A	360	 	L	H	0.012	-1.126	-0.766	-1.019	-0.987	-1.505	1.266	-0.912	1.0	B	A	363	 	F	H	0.0	-1.024	-0.816	-1.006	-0.59	1.891	-0.397	0.412	1.0	B	
6rw0	A	243	 	Y	E	0.212	-2.115	2.592	0.26	0.83	3.097	-0.838	1.512	18.0	S	A	255	 	A	E	0.0	-2.253	2.498	-0.591	-1.302	-0.733	1.57	-0.146	10.0	K	
6rw0	A	231	 	R	H	0.29	-1.094	-0.808	1.538	-0.055	1.502	0.44	2.897	17.0	R	A	241	 	C	E	0.007	-2.045	2.367	-1.343	0.465	-0.862	-1.02	-0.255	8.0	I	HBOND
6rw0	A	377	 	G	G	0.0	-1.434	-0.055	-0.384	1.652	1.33	1.045	2.064	11.0	L	A	389	 	Q	P	0.162	-1.706	2.496	0.931	-0.179	-3.005	-0.503	-1.853	5.0	F	HBOND
6rw0	A	356	 	P	T	0.169	-1.027	2.403	0.189	2.081	-1.628	0.421	-1.392	12.0	M	A	361	 	Y	H	0.077	-1.058	-0.81	0.26	0.83	3.097	-0.838	1.512	11.0	L	
6rw0	A	164	 	K	E	0.512	-2.705	2.792	1.831	-0.561	0.533	-0.277	1.648	18.0	S	A	544	 	L	-	0.555	-2.052		-1.019	-0.987	-1.505	1.266	-0.912			
6rw0	A	356	 	P	T	0.169	-1.027	2.403	0.189	2.081	-1.628	0.421	-1.392	12.0	M	A	480	 	Y	E	0.018	-2.513	2.691	0.26	0.83	3.097	-0.838	1.512	16.0	Q	VDW
6rw0	A	203	 	N	H	0.229	-1.163	-0.764	0.945	0.828	1.299	-0.169	0.933	9.0	J	A	206	 	K	H	0.756	-1.079	-0.711	1.831	-0.561	0.533	-0.277	1.648	17.0	R	VDW
6rw0	A	170	 	M	E	0.0	-2.003	2.279	-0.663	-1.524	2.219	-1.005	1.212	8.0	I	A	211	 	F	H	0.254	-1.391	-0.406	-1.006	-0.59	1.891	-0.397	0.412	17.0	R	
6rw0	A	365	 	K	H	0.317	-1.263	-0.661	1.831	-0.561	0.533	-0.277	1.648	13.0	N	A	452	 	S	E	0.292	-1.964	2.805	-0.228	1.399	-4.76	0.67	-2.647	2.0	C	
6rw0	A	329	 	L	H	0.0	-1.071	-0.666	-1.019	-0.987	-1.505	1.266	-0.912	9.0	J	A	332	 	I	H	0.006	-1.051	-0.746	-1.239	-0.547	2.131	0.393	0.816	13.0	N	
6rw0	A	354	 	S	-	0.008	-2.534	2.535	-0.228	1.399	-4.76	0.67	-2.647	0.0	A	A	360	 	L	H	0.012	-1.126	-0.766	-1.019	-0.987	-1.505	1.266	-0.912	1.0	B	VDW
6rw0	A	332	 	I	H	0.006	-1.051	-0.746	-1.239	-0.547	2.131	0.393	0.816	13.0	N	A	346	 	I	E	0.012	-2.116	2.359	-1.239	-0.547	2.131	0.393	0.816	19.0	T	
6rw0	A	197	 	W	H	0.101	-1.052	-0.562	-0.595	0.009	0.672	-2.128	-0.184	12.0	M	A	201	 	F	H	0.107	-1.06	-0.791	-1.006	-0.59	1.891	-0.397	0.412	12.0	M	PIPISTACK
6rw0	A	197	 	W	H	0.101	-1.052	-0.562	-0.595	0.009	0.672	-2.128	-0.184	12.0	M	A	201	 	F	H	0.107	-1.06	-0.791	-1.006	-0.59	1.891	-0.397	0.412	12.0	M	HBOND
6rw0	A	372	 	E	T	0.737	-1.007	2.239	1.357	-1.453	1.477	0.113	-0.837	17.0	R	A	394	 	I	S	0.592	-2.018	1.888	-1.239	-0.547	2.131	0.393	0.816	17.0	R	
6rw0	A	386	 	S	-	0.454	1.037	0.619	-0.228	1.399	-4.76	0.67	-2.647	12.0	M	A	389	 	Q	P	0.162	-1.706	2.496	0.931	-0.179	-3.005	-0.503	-1.853	5.0	F	
6rw0	A	167	 	F	E	0.005	-2.689	2.632	-1.006	-0.59	1.891	-0.397	0.412	4.0	E	A	262	 	K	T	0.259	-1.742	-0.445	1.831	-0.561	0.533	-0.277	1.648	4.0	E	
6rw0	A	273	 	F	-	0.0	-1.426	-0.245	-1.006	-0.59	1.891	-0.397	0.412	13.0	N	A	328	 	L	H	0.0	-1.11	-0.803	-1.019	-0.987	-1.505	1.266	-0.912	14.0	O	
6rw0	A	347	 	V	E	0.0	-2.131	2.093	-1.337	-0.279	-0.544	1.242	-1.262	8.0	I	A	481	 	I	E	0.0	-2.084	1.971	-1.239	-0.547	2.131	0.393	0.816	7.0	H	
6rw0	A	371	 	Y	-	0.005	-1.751	0.243	0.26	0.83	3.097	-0.838	1.512	13.0	N	A	395	 	P	S	0.478	-1.305	2.952	0.189	2.081	-1.628	0.421	-1.392	17.0	R	
6rw0	A	315	 	P	T	0.154	-1.102	-0.517	0.189	2.081	-1.628	0.421	-1.392	9.0	J	A	382	 	Q	S	0.03	-1.268	2.738	0.931	-0.179	-3.005	-0.503	-1.853	2.0	C	VDW
6rw0	A	168	 	S	E	0.123	-1.944	2.654	-0.228	1.399	-4.76	0.67	-2.647	8.0	I	A	215	 	V	E	0.0	-2.293	2.324	-1.337	-0.279	-0.544	1.242	-1.262	8.0	I	HBOND
6rw0	A	336	 	A	S	0.009	-1.435	-0.141	-0.591	-1.302	-0.733	1.57	-0.146	13.0	N	A	346	 	I	E	0.012	-2.116	2.359	-1.239	-0.547	2.131	0.393	0.816	19.0	T	
6rw0	A	455	 	Y	-	0.027	-1.682	2.604	0.26	0.83	3.097	-0.838	1.512	2.0	C	A	510	 	L	E	0.024	-1.608	1.992	-1.019	-0.987	-1.505	1.266	-0.912	16.0	Q	
6rw0	A	326	 	A	H	0.0	-1.032	-0.669	-0.591	-1.302	-0.733	1.57	-0.146	9.0	J	A	397	 	W	S	0.035	-2.158	2.714	-0.595	0.009	0.672	-2.128	-0.184	5.0	F	VDW
6rw0	A	312	 	L	-	0.085	-0.786	2.34	-1.019	-0.987	-1.505	1.266	-0.912	2.0	C	A	320	 	I	H	0.0	-1.153	-0.78	-1.239	-0.547	2.131	0.393	0.816	15.0	P	
6rw0	A	354	 	S	-	0.008	-2.534	2.535	-0.228	1.399	-4.76	0.67	-2.647	0.0	A	A	477	 	T	-	0.028	-1.566	2.129	-0.032	0.326	2.213	0.908	1.313	6.0	G	
6rw0	A	219	 	Q	E	0.0	-2.145	2.828	0.931	-0.179	-3.005	-0.503	-1.853	18.0	S	A	309	 	T	E	0.0	-2.687	2.948	-0.032	0.326	2.213	0.908	1.313	16.0	Q	
6rw0	A	293	 	Q	E	0.293	-1.851	2.025	0.931	-0.179	-3.005	-0.503	-1.853	6.0	G	A	303	 	A	-	0.123	-1.22	2.861	-0.591	-1.302	-0.733	1.57	-0.146	7.0	H	
6rw0	A	484	 	S	E	0.085	-1.092	2.219	-0.228	1.399	-4.76	0.67	-2.647	5.0	F	A	504	 	L	-	0.043	-2.086	2.609	-1.019	-0.987	-1.505	1.266	-0.912	8.0	I	HBOND
6rw0	A	371	 	Y	-	0.005	-1.751	0.243	0.26	0.83	3.097	-0.838	1.512	13.0	N	A	392	 	L	P	0.049	-0.916	2.434	-1.019	-0.987	-1.505	1.266	-0.912	0.0	A	
6rw0	A	325	 	L	H	0.0	-1.011	-0.781	-1.019	-0.987	-1.505	1.266	-0.912	17.0	R	A	360	 	L	H	0.012	-1.126	-0.766	-1.019	-0.987	-1.505	1.266	-0.912	1.0	B	
6rw0	A	137	 	Y	E	0.788	-1.524	2.361	0.26	0.83	3.097	-0.838	1.512	4.0	E	A	508	 	A	E	0.019	-2.838	2.776	-0.591	-1.302	-0.733	1.57	-0.146	7.0	H	
6rw0	A	346	 	I	E	0.012	-2.116	2.359	-1.239	-0.547	2.131	0.393	0.816	19.0	T	A	504	 	L	-	0.043	-2.086	2.609	-1.019	-0.987	-1.505	1.266	-0.912	8.0	I	
6rw0	A	189	 	H	T	0.255	-1.342	-0.2	0.336	-0.417	-1.673	-1.474	-0.078	9.0	J	A	472	 	S	T	0.277	-1.056	-0.503	-0.228	1.399	-4.76	0.67	-2.647	12.0	M	HBOND
6rw0	A	361	 	Y	H	0.077	-1.058	-0.81	0.26	0.83	3.097	-0.838	1.512	11.0	L	A	457	 	H	S	0.054	1.438	-0.165	0.336	-0.417	-1.673	-1.474	-0.078	13.0	N	PIPISTACK
6rw0	A	361	 	Y	H	0.077	-1.058	-0.81	0.26	0.83	3.097	-0.838	1.512	11.0	L	A	457	 	H	S	0.054	1.438	-0.165	0.336	-0.417	-1.673	-1.474	-0.078	13.0	N	HBOND
6rw0	A	361	 	Y	H	0.077	-1.058	-0.81	0.26	0.83	3.097	-0.838	1.512	11.0	L	A	457	 	H	S	0.054	1.438	-0.165	0.336	-0.417	-1.673	-1.474	-0.078	13.0	N	VDW
6rw0	A	169	 	V	E	0.0	-2.347	2.278	-1.337	-0.279	-0.544	1.242	-1.262	3.0	D	A	481	 	I	E	0.0	-2.084	1.971	-1.239	-0.547	2.131	0.393	0.816	7.0	H	
6rw0	A	524	 	L	S	0.0	-2.137	2.514	-1.019	-0.987	-1.505	1.266	-0.912	12.0	M	A	532	 	D	S	0.037	-1.404	0.025	1.05	0.302	-3.656	-0.259	-3.242	14.0	O	VDW
6rw0	A	167	 	F	E	0.005	-2.689	2.632	-1.006	-0.59	1.891	-0.397	0.412	4.0	E	A	304	 	I	E	0.006	-2.115	2.328	-1.239	-0.547	2.131	0.393	0.816	3.0	D	
6rw0	A	326	 	A	H	0.0	-1.032	-0.669	-0.591	-1.302	-0.733	1.57	-0.146	9.0	J	A	330	 	A	H	0.0	-1.121	-0.716	-0.591	-1.302	-0.733	1.57	-0.146	13.0	N	HBOND
6rw0	A	167	 	F	E	0.005	-2.689	2.632	-1.006	-0.59	1.891	-0.397	0.412	4.0	E	A	540	 	F	E	0.0	-2.035	2.733	-1.006	-0.59	1.891	-0.397	0.412	7.0	H	PIPISTACK
6rw0	A	167	 	F	E	0.005	-2.689	2.632	-1.006	-0.59	1.891	-0.397	0.412	4.0	E	A	540	 	F	E	0.0	-2.035	2.733	-1.006	-0.59	1.891	-0.397	0.412	7.0	H	HBOND
6rw0	A	167	 	F	E	0.005	-2.689	2.632	-1.006	-0.59	1.891	-0.397	0.412	4.0	E	A	540	 	F	E	0.0	-2.035	2.733	-1.006	-0.59	1.891	-0.397	0.412	7.0	H	VDW
6rw0	A	292	 	L	E	0.0	-2.047	2.495	-1.019	-0.987	-1.505	1.266	-0.912	7.0	H	A	304	 	I	E	0.006	-2.115	2.328	-1.239	-0.547	2.131	0.393	0.816	3.0	D	HBOND
6rw0	A	213	 	A	-	0.0	-1.25	2.61	-0.591	-1.302	-0.733	1.57	-0.146	5.0	F	A	259	 	K	E	0.102	-1.172	2.244	1.831	-0.561	0.533	-0.277	1.648	14.0	O	
6rw0	A	169	 	V	E	0.0	-2.347	2.278	-1.337	-0.279	-0.544	1.242	-1.262	3.0	D	A	347	 	V	E	0.0	-2.131	2.093	-1.337	-0.279	-0.544	1.242	-1.262	8.0	I	
6rw0	A	175	 	L	-	0.012	1.278	1.869	-1.019	-0.987	-1.505	1.266	-0.912	0.0	A	A	532	 	D	S	0.037	-1.404	0.025	1.05	0.302	-3.656	-0.259	-3.242	14.0	O	
6rw0	A	203	 	N	H	0.229	-1.163	-0.764	0.945	0.828	1.299	-0.169	0.933	9.0	J	A	528	 	N	S	0.732	-1.963	-0.645	0.945	0.828	1.299	-0.169	0.933	11.0	L	
6rw0	A	394	 	I	S	0.592	-2.018	1.888	-1.239	-0.547	2.131	0.393	0.816	17.0	R	A	442	 	S	-	0.923		2.936	-0.228	1.399	-4.76	0.67	-2.647	5.0	F	
6rw0	A	173	 	N	E	0.0	-1.516	1.927	0.945	0.828	1.299	-0.169	0.933	0.0	A	A	531	 	S	S	0.0	-2.163	2.826	-0.228	1.399	-4.76	0.67	-2.647	5.0	F	HBOND
6rw0	A	270	 	P	E	0.5	-1.266	2.717	0.189	2.081	-1.628	0.421	-1.392	8.0	I	A	287	 	G	E	0.0	-2.454	3.037	-0.384	1.652	1.33	1.045	2.064	8.0	I	
6rw0	A	205	 	L	H	0.262	-1.113	-0.689	-1.019	-0.987	-1.505	1.266	-0.912	9.0	J	A	234	 	L	H	0.012	-1.212	-0.691	-1.019	-0.987	-1.505	1.266	-0.912	17.0	R	
6rw0	A	311	 	L	-	0.0	-1.368	2.766	-1.019	-0.987	-1.505	1.266	-0.912	0.0	A	A	325	 	L	H	0.0	-1.011	-0.781	-1.019	-0.987	-1.505	1.266	-0.912	17.0	R	
6rw0	A	164	 	K	E	0.512	-2.705	2.792	1.831	-0.561	0.533	-0.277	1.648	18.0	S	A	541	 	R	E	0.27	-2.156	2.232	1.538	-0.055	1.502	0.44	2.897	10.0	K	VDW
6rw0	A	234	 	L	H	0.012	-1.212	-0.691	-1.019	-0.987	-1.505	1.266	-0.912	17.0	R	A	241	 	C	E	0.007	-2.045	2.367	-1.343	0.465	-0.862	-1.02	-0.255	8.0	I	
6rw0	A	505	 	K	E	0.527	-1.751	2.257	1.831	-0.561	0.533	-0.277	1.648	0.0	A	A	540	 	F	E	0.0	-2.035	2.733	-1.006	-0.59	1.891	-0.397	0.412	7.0	H	
6rw0	A	207	 	E	H	0.144	-1.092	-0.816	1.357	-1.453	1.477	0.113	-0.837	17.0	R	A	535	 	P	P	0.015	-1.306	2.458	0.189	2.081	-1.628	0.421	-1.392	10.0	K	VDW
6rw0	A	237	 	L	T	0.262	-1.485	0.0	-1.019	-0.987	-1.505	1.266	-0.912	15.0	P	A	259	 	K	E	0.102	-1.172	2.244	1.831	-0.561	0.533	-0.277	1.648	14.0	O	VDW
6rw0	A	225	 	H	H	0.168	-1.132	-0.602	0.336	-0.417	-1.673	-1.474	-0.078	1.0	B	A	228	 	A	I	0.698	-1.382	-0.614	-0.591	-1.302	-0.733	1.57	-0.146	12.0	M	
6rw0	A	304	 	I	E	0.006	-2.115	2.328	-1.239	-0.547	2.131	0.393	0.816	3.0	D	A	345	 	P	P	0.007	-1.014	2.453	0.189	2.081	-1.628	0.421	-1.392	8.0	I	VDW
6rw0	A	225	 	H	H	0.168	-1.132	-0.602	0.336	-0.417	-1.673	-1.474	-0.078	1.0	B	A	229	 	E	I	0.314	-2.415	-0.867	1.357	-1.453	1.477	0.113	-0.837	12.0	M	HBOND
6rw0	A	172	 	Y	E	0.005	-2.546	2.079	0.26	0.83	3.097	-0.838	1.512	3.0	D	A	217	 	C	E	0.0	-2.019	1.859	-1.343	0.465	-0.862	-1.02	-0.255	8.0	I	HBOND
6rw0	A	355	 	V	-	0.162	-1.764	2.839	-1.337	-0.279	-0.544	1.242	-1.262	0.0	A	A	382	 	Q	S	0.03	-1.268	2.738	0.931	-0.179	-3.005	-0.503	-1.853	2.0	C	
6rw0	A	330	 	A	H	0.0	-1.121	-0.716	-0.591	-1.302	-0.733	1.57	-0.146	13.0	N	A	403	 	I	B	0.036	-2.187	2.262	-1.239	-0.547	2.131	0.393	0.816	0.0	A	
6rw0	A	349	 	C	E	0.0	-1.922	2.806	-1.343	0.465	-0.862	-1.02	-0.255	18.0	S	A	481	 	I	E	0.0	-2.084	1.971	-1.239	-0.547	2.131	0.393	0.816	7.0	H	
6rw0	A	455	 	Y	-	0.027	-1.682	2.604	0.26	0.83	3.097	-0.838	1.512	2.0	C	A	537	 	L	E	0.012	-2.582	2.327	-1.019	-0.987	-1.505	1.266	-0.912	10.0	K	HBOND
6rw0	A	219	 	Q	E	0.0	-2.145	2.828	0.931	-0.179	-3.005	-0.503	-1.853	18.0	S	A	310	 	H	E	0.114	-2.436	1.804	0.336	-0.417	-1.673	-1.474	-0.078	0.0	A	
6rw0	A	352	 	F	-	0.0	-1.633	-0.058	-1.006	-0.59	1.891	-0.397	0.412	15.0	P	A	478	 	V	-	0.021	-2.254	-0.12	-1.337	-0.279	-0.544	1.242	-1.262	14.0	O	HBOND
6rw0	A	289	 	V	E	0.0	-2.257	2.15	-1.337	-0.279	-0.544	1.242	-1.262	18.0	S	A	331	 	E	H	0.149	-1.094	-0.758	1.357	-1.453	1.477	0.113	-0.837	17.0	R	
6rw0	A	512	 	L	-	0.024	-1.619	-3.029	-1.019	-0.987	-1.505	1.266	-0.912	5.0	F	A	536	 	L	E	0.006	-1.734	2.52	-1.019	-0.987	-1.505	1.266	-0.912	7.0	H	
6rw0	A	278	 	I	-	0.03	-2.31	1.874	-1.239	-0.547	2.131	0.393	0.816	4.0	E	A	398	 	P	-	0.331	-1.315	2.856	0.189	2.081	-1.628	0.421	-1.392	2.0	C	VDW
6rw0	A	325	 	L	H	0.0	-1.011	-0.781	-1.019	-0.987	-1.505	1.266	-0.912	17.0	R	A	329	 	L	H	0.0	-1.071	-0.666	-1.019	-0.987	-1.505	1.266	-0.912	9.0	J	HBOND
6rw0	A	347	 	V	E	0.0	-2.131	2.093	-1.337	-0.279	-0.544	1.242	-1.262	8.0	I	A	504	 	L	-	0.043	-2.086	2.609	-1.019	-0.987	-1.505	1.266	-0.912	8.0	I	
6rw0	A	375	 	P	B	0.243	-1.134	2.579	0.189	2.081	-1.628	0.421	-1.392	4.0	E	A	390	 	R	P	0.476	-1.157	2.539	1.538	-0.055	1.502	0.44	2.897	2.0	C	VDW
6rw0	A	272	 	E	E	0.49	-1.834	2.125	1.357	-1.453	1.477	0.113	-0.837	4.0	E	A	327	 	M	H	0.064	-1.131	-0.733	-0.663	-1.524	2.219	-1.005	1.212	14.0	O	
6rw0	A	402	 	G	-	0.071	1.347	0.527	-0.384	1.652	1.33	1.045	2.064	13.0	N	A	409	 	Y	B	0.477	-1.076	2.535	0.26	0.83	3.097	-0.838	1.512	5.0	F	
6rw0	A	322	 	L	H	0.0	-1.123	-0.607	-1.019	-0.987	-1.505	1.266	-0.912	17.0	R	A	445	 	L	E	0.0	-1.856	2.575	-1.019	-0.987	-1.505	1.266	-0.912	14.0	O	
6rw0	A	403	 	I	B	0.036	-2.187	2.262	-1.239	-0.547	2.131	0.393	0.816	0.0	A	A	408	 	V	-	0.232	-2.104	2.632	-1.337	-0.279	-0.544	1.242	-1.262	6.0	G	
6rw0	A	376	 	I	G	0.012	-1.052	-0.561	-1.239	-0.547	2.131	0.393	0.816	14.0	O	A	390	 	R	P	0.476	-1.157	2.539	1.538	-0.055	1.502	0.44	2.897	2.0	C	HBOND
6rw0	A	315	 	P	T	0.154	-1.102	-0.517	0.189	2.081	-1.628	0.421	-1.392	9.0	J	A	321	 	K	H	0.0	-0.992	-0.867	1.831	-0.561	0.533	-0.277	1.648	9.0	J	
6rw0	A	202	 	P	H	0.507	-0.987	-0.645	0.189	2.081	-1.628	0.421	-1.392	17.0	R	A	206	 	K	H	0.756	-1.079	-0.711	1.831	-0.561	0.533	-0.277	1.648	17.0	R	HBOND
6rw0	A	506	 	L	E	0.128	-1.424	2.04	-1.019	-0.987	-1.505	1.266	-0.912	18.0	S	A	539	 	K	E	0.41	-2.003	2.243	1.831	-0.561	0.533	-0.277	1.648	10.0	K	
6rw0	A	259	 	K	E	0.102	-1.172	2.244	1.831	-0.561	0.533	-0.277	1.648	14.0	O	A	262	 	K	T	0.259	-1.742	-0.445	1.831	-0.561	0.533	-0.277	1.648	4.0	E	HBOND
6rw0	A	259	 	K	E	0.102	-1.172	2.244	1.831	-0.561	0.533	-0.277	1.648	14.0	O	A	262	 	K	T	0.259	-1.742	-0.445	1.831	-0.561	0.533	-0.277	1.648	4.0	E	VDW
6rw0	A	168	 	S	E	0.123	-1.944	2.654	-0.228	1.399	-4.76	0.67	-2.647	8.0	I	A	538	 	A	E	0.0	-2.389	2.624	-0.591	-1.302	-0.733	1.57	-0.146	16.0	Q	
6rw0	A	136	 	E	E	0.32	-1.752	2.088	1.357	-1.453	1.477	0.113	-0.837	4.0	E	A	508	 	A	E	0.019	-2.838	2.776	-0.591	-1.302	-0.733	1.57	-0.146	7.0	H	
6rw0	A	233	 	S	H	0.2	-1.145	-0.735	-0.228	1.399	-4.76	0.67	-2.647	15.0	P	A	236	 	S	H	0.869	-1.205	-0.457	-0.228	1.399	-4.76	0.67	-2.647	17.0	R	VDW
6rw0	A	256	 	I	E	0.0	-2.11	2.184	-1.239	-0.547	2.131	0.393	0.816	10.0	K	A	307	 	A	E	0.0	-2.107	2.604	-0.591	-1.302	-0.733	1.57	-0.146	7.0	H	
6rw0	A	466	 	E	P	0.046	-1.246	2.546	1.357	-1.453	1.477	0.113	-0.837	4.0	E	A	513	 	L	B	0.085	-2.248	2.911	-1.019	-0.987	-1.505	1.266	-0.912	5.0	F	
6rw0	A	165	 	F	E	0.036	-2.187	2.074	-1.006	-0.59	1.891	-0.397	0.412	0.0	A	A	294	 	P	E	0.029	-0.996	2.407	0.189	2.081	-1.628	0.421	-1.392	16.0	Q	
6rw0	A	303	 	A	-	0.123	-1.22	2.861	-0.591	-1.302	-0.733	1.57	-0.146	7.0	H	A	344	 	C	P	0.022	-1.218	2.924	-1.343	0.465	-0.862	-1.02	-0.255	13.0	N	VDW
6rw0	A	525	 	P	S	0.0	-1.149	2.811	0.189	2.081	-1.628	0.421	-1.392	12.0	M	A	529	 	N	-	0.312	-1.864	1.966	0.945	0.828	1.299	-0.169	0.933	11.0	L	
6rw0	A	234	 	L	H	0.012	-1.212	-0.691	-1.019	-0.987	-1.505	1.266	-0.912	17.0	R	A	239	 	Y	E	0.005	-1.695	2.465	0.26	0.83	3.097	-0.838	1.512	8.0	I	HBOND
6rw0	A	222	 	Q	E	0.025	-1.403	2.333	0.931	-0.179	-3.005	-0.503	-1.853	4.0	E	A	225	 	H	H	0.168	-1.132	-0.602	0.336	-0.417	-1.673	-1.474	-0.078	1.0	B	
6rw0	A	312	 	L	-	0.085	-0.786	2.34	-1.019	-0.987	-1.505	1.266	-0.912	2.0	C	A	321	 	K	H	0.0	-0.992	-0.867	1.831	-0.561	0.533	-0.277	1.648	9.0	J	
6rw0	A	316	 	R	T	0.605	-1.206	-0.606	1.538	-0.055	1.502	0.44	2.897	13.0	N	A	377	 	G	G	0.0	-1.434	-0.055	-0.384	1.652	1.33	1.045	2.064	11.0	L	
6rw0	A	165	 	F	E	0.036	-2.187	2.074	-1.006	-0.59	1.891	-0.397	0.412	0.0	A	A	544	 	L	-	0.555	-2.052		-1.019	-0.987	-1.505	1.266	-0.912			
6rw0	A	363	 	F	H	0.0	-1.024	-0.816	-1.006	-0.59	1.891	-0.397	0.412	1.0	B	A	445	 	L	E	0.0	-1.856	2.575	-1.019	-0.987	-1.505	1.266	-0.912	14.0	O	
6rw0	A	290	 	L	E	0.0	-1.914	2.576	-1.019	-0.987	-1.505	1.266	-0.912	16.0	Q	A	305	 	C	E	0.0	-1.772	2.115	-1.343	0.465	-0.862	-1.02	-0.255	7.0	H	
6rw0	A	468	 	T	S	0.0	-2.088	-0.077	-0.032	0.326	2.213	0.908	1.313	4.0	E	A	476	 	I	E	0.29	-2.681	2.914	-1.239	-0.547	2.131	0.393	0.816	5.0	F	HBOND
6rw0	A	263	 	F	E	0.01	-2.579	2.71	-1.006	-0.59	1.891	-0.397	0.412	18.0	S	A	295	 	K	-	0.517	-1.557	1.542	1.831	-0.561	0.533	-0.277	1.648	17.0	R	
6rw0	A	275	 	R	-	0.258	-2.099	1.986	1.538	-0.055	1.502	0.44	2.897	2.0	C	A	412	 	Q	-	0.51	-1.336	2.577	0.931	-0.179	-3.005	-0.503	-1.853	5.0	F	
6rw0	A	186	 	L	G	0.146	-1.33	-0.278	-1.019	-0.987	-1.505	1.266	-0.912	13.0	N	A	471	 	H	E	0.141	-2.169	-2.913	0.336	-0.417	-1.673	-1.474	-0.078	16.0	Q	
6rw0	A	291	 	L	E	0.177	-1.94	2.106	-1.019	-0.987	-1.505	1.266	-0.912	18.0	S	A	344	 	C	P	0.022	-1.218	2.924	-1.343	0.465	-0.862	-1.02	-0.255	13.0	N	VDW
6rw0	A	289	 	V	E	0.0	-2.257	2.15	-1.337	-0.279	-0.544	1.242	-1.262	18.0	S	A	332	 	I	H	0.006	-1.051	-0.746	-1.239	-0.547	2.131	0.393	0.816	13.0	N	
6rw0	A	256	 	I	E	0.0	-2.11	2.184	-1.239	-0.547	2.131	0.393	0.816	10.0	K	A	290	 	L	E	0.0	-1.914	2.576	-1.019	-0.987	-1.505	1.266	-0.912	16.0	Q	VDW
6rw0	A	200	 	R	H	0.0	-1.274	-0.763	1.538	-0.055	1.502	0.44	2.897	14.0	O	A	525	 	P	S	0.0	-1.149	2.811	0.189	2.081	-1.628	0.421	-1.392	12.0	M	
6rw0	A	219	 	Q	E	0.0	-2.145	2.828	0.931	-0.179	-3.005	-0.503	-1.853	18.0	S	A	351	 	D	E	0.012	-1.769	1.844	1.05	0.302	-3.656	-0.259	-3.242	13.0	N	
6rw0	A	329	 	L	H	0.0	-1.071	-0.666	-1.019	-0.987	-1.505	1.266	-0.912	9.0	J	A	449	 	F	-	0.107	-1.661	2.902	-1.006	-0.59	1.891	-0.397	0.412	0.0	A	
6rw0	A	468	 	T	S	0.0	-2.088	-0.077	-0.032	0.326	2.213	0.908	1.313	4.0	E	A	534	 	L	P	0.018	-1.676	2.571	-1.019	-0.987	-1.505	1.266	-0.912	6.0	G	HBOND
6rw0	A	468	 	T	S	0.0	-2.088	-0.077	-0.032	0.326	2.213	0.908	1.313	4.0	E	A	534	 	L	P	0.018	-1.676	2.571	-1.019	-0.987	-1.505	1.266	-0.912	6.0	G	VDW
6rw0	A	200	 	R	H	0.0	-1.274	-0.763	1.538	-0.055	1.502	0.44	2.897	14.0	O	A	530	 	S	-	0.0	-1.791	0.316	-0.228	1.399	-4.76	0.67	-2.647	15.0	P	HBOND
6rw0	A	200	 	R	H	0.0	-1.274	-0.763	1.538	-0.055	1.502	0.44	2.897	14.0	O	A	530	 	S	-	0.0	-1.791	0.316	-0.228	1.399	-4.76	0.67	-2.647	15.0	P	VDW
6rw0	A	322	 	L	H	0.0	-1.123	-0.607	-1.019	-0.987	-1.505	1.266	-0.912	17.0	R	A	326	 	A	H	0.0	-1.032	-0.669	-0.591	-1.302	-0.733	1.57	-0.146	9.0	J	HBOND
6rw0	A	404	 	S	-	0.131	-1.346	3.052	-0.228	1.399	-4.76	0.67	-2.647	2.0	C	A	407	 	C	S	0.0	1.104	0.671	-1.343	0.465	-0.862	-1.02	-0.255	15.0	P	HBOND
6rw0	A	270	 	P	E	0.5	-1.266	2.717	0.189	2.081	-1.628	0.421	-1.392	8.0	I	A	288	 	L	E	0.006	-2.635	2.356	-1.019	-0.987	-1.505	1.266	-0.912	7.0	H	
6rw0	A	254	 	C	E	0.007	-1.788	2.543	-1.343	0.465	-0.862	-1.02	-0.255	7.0	H	A	286	 	V	E	0.014	-2.467	2.955	-1.337	-0.279	-0.544	1.242	-1.262	7.0	H	
6rw0	A	457	 	H	S	0.054	1.438	-0.165	0.336	-0.417	-1.673	-1.474	-0.078	13.0	N	A	477	 	T	-	0.028	-1.566	2.129	-0.032	0.326	2.213	0.908	1.313	6.0	G	
6rw0	A	194	 	V	G	0.021	-1.35	-0.135	-1.337	-0.279	-0.544	1.242	-1.262	9.0	J	A	526	 	N	-	0.089	-2.445	-3.062	0.945	0.828	1.299	-0.169	0.933	19.0	T	
6rw0	A	459	 	F	-	0.188	-1.34	2.284	-1.006	-0.59	1.891	-0.397	0.412	2.0	C	A	512	 	L	-	0.024	-1.619	-3.029	-1.019	-0.987	-1.505	1.266	-0.912	5.0	F	
6rw0	A	466	 	E	P	0.046	-1.246	2.546	1.357	-1.453	1.477	0.113	-0.837	4.0	E	A	514	 	T	-	0.099	-1.598	2.922	-0.032	0.326	2.213	0.908	1.313	5.0	F	
6rw0	A	243	 	Y	E	0.212	-2.115	2.592	0.26	0.83	3.097	-0.838	1.512	18.0	S	A	253	 	G	E	0.036	-2.916	-2.862	-0.384	1.652	1.33	1.045	2.064	0.0	A	
6rw0	A	218	 	L	E	0.006	-1.929	2.533	-1.019	-0.987	-1.505	1.266	-0.912	19.0	T	A	308	 	N	E	0.0	-2.557	2.455	0.945	0.828	1.299	-0.169	0.933	3.0	D	HBOND
6rw0	A	211	 	F	H	0.254	-1.391	-0.406	-1.006	-0.59	1.891	-0.397	0.412	17.0	R	A	537	 	L	E	0.012	-2.582	2.327	-1.019	-0.987	-1.505	1.266	-0.912	10.0	K	VDW
6rw0	A	176	 	S	-	0.015	-1.23	2.36	-0.228	1.399	-4.76	0.67	-2.647	0.0	A	A	220	 	E	E	0.103	1.034	0.677	1.357	-1.453	1.477	0.113	-0.837	4.0	E	HBOND
6rw0	A	176	 	S	-	0.015	-1.23	2.36	-0.228	1.399	-4.76	0.67	-2.647	0.0	A	A	220	 	E	E	0.103	1.034	0.677	1.357	-1.453	1.477	0.113	-0.837	4.0	E	VDW
6rw0	A	321	 	K	H	0.0	-0.992	-0.867	1.831	-0.561	0.533	-0.277	1.648	9.0	J	A	360	 	L	H	0.012	-1.126	-0.766	-1.019	-0.987	-1.505	1.266	-0.912	1.0	B	
6rw0	A	232	 	P	H	0.404	-1.067	-0.698	0.189	2.081	-1.628	0.421	-1.392	17.0	R	A	235	 	E	H	0.541	-1.06	-0.549	1.357	-1.453	1.477	0.113	-0.837	17.0	R	
6rw0	A	215	 	V	E	0.0	-2.293	2.324	-1.337	-0.279	-0.544	1.242	-1.262	8.0	I	A	263	 	F	E	0.01	-2.579	2.71	-1.006	-0.59	1.891	-0.397	0.412	18.0	S	
6rw0	A	398	 	P	-	0.331	-1.315	2.856	0.189	2.081	-1.628	0.421	-1.392	2.0	C	A	401	 	L	G	0.043	-1.13	-0.62	-1.019	-0.987	-1.505	1.266	-0.912	17.0	R	HBOND
6rw0	A	168	 	S	E	0.123	-1.944	2.654	-0.228	1.399	-4.76	0.67	-2.647	8.0	I	A	213	 	A	-	0.0	-1.25	2.61	-0.591	-1.302	-0.733	1.57	-0.146	5.0	F	
6rw0	A	264	 	S	E	0.431	-1.848	2.682	-0.228	1.399	-4.76	0.67	-2.647	2.0	C	A	295	 	K	-	0.517	-1.557	1.542	1.831	-0.561	0.533	-0.277	1.648	17.0	R	
6rw0	A	518	 	L	H	0.006	-1.199	-0.656	-1.019	-0.987	-1.505	1.266	-0.912	13.0	N	A	523	 	G	S	0.0	1.417	-3.059	-0.384	1.652	1.33	1.045	2.064	0.0	A	HBOND
6rw0	A	207	 	E	H	0.144	-1.092	-0.816	1.357	-1.453	1.477	0.113	-0.837	17.0	R	A	211	 	F	H	0.254	-1.391	-0.406	-1.006	-0.59	1.891	-0.397	0.412	17.0	R	HBOND
6rw0	A	180	 	L	H	0.037	-1.036	-0.888	-1.019	-0.987	-1.505	1.266	-0.912	1.0	B	A	200	 	R	H	0.0	-1.274	-0.763	1.538	-0.055	1.502	0.44	2.897	14.0	O	
6rw0	A	221	 	V	E	0.0	-1.483	1.924	-1.337	-0.279	-0.544	1.242	-1.262	0.0	A	A	243	 	Y	E	0.212	-2.115	2.592	0.26	0.83	3.097	-0.838	1.512	18.0	S	
6rw0	A	174	 	I	-	0.024	-1.568	-0.089	-1.239	-0.547	2.131	0.393	0.816	13.0	N	A	531	 	S	S	0.0	-2.163	2.826	-0.228	1.399	-4.76	0.67	-2.647	5.0	F	
6rw0	A	471	 	H	E	0.141	-2.169	-2.913	0.336	-0.417	-1.673	-1.474	-0.078	16.0	Q	A	532	 	D	S	0.037	-1.404	0.025	1.05	0.302	-3.656	-0.259	-3.242	14.0	O	
6rw0	A	484	 	S	E	0.085	-1.092	2.219	-0.228	1.399	-4.76	0.67	-2.647	5.0	F	A	502	 	G	-	0.667		1.219	-0.384	1.652	1.33	1.045	2.064	11.0	L	VDW
6rw0	A	165	 	F	E	0.036	-2.187	2.074	-1.006	-0.59	1.891	-0.397	0.412	0.0	A	A	541	 	R	E	0.27	-2.156	2.232	1.538	-0.055	1.502	0.44	2.897	10.0	K	
6rw0	A	403	 	I	B	0.036	-2.187	2.262	-1.239	-0.547	2.131	0.393	0.816	0.0	A	A	409	 	Y	B	0.477	-1.076	2.535	0.26	0.83	3.097	-0.838	1.512	5.0	F	
6rw0	A	331	 	E	H	0.149	-1.094	-0.758	1.357	-1.453	1.477	0.113	-0.837	17.0	R	A	335	 	V	H	0.12	-1.273	-0.702	-1.337	-0.279	-0.544	1.242	-1.262	17.0	R	HBOND
6rw0	A	246	 	R	-	0.145	-0.985	2.669	1.538	-0.055	1.502	0.44	2.897	4.0	E	A	285	 	N	-	0.038	-1.196	2.789	0.945	0.828	1.299	-0.169	0.933	18.0	S	
6rw0	A	171	 	S	E	0.008	-1.998	2.147	-0.228	1.399	-4.76	0.67	-2.647	3.0	D	A	535	 	P	P	0.015	-1.306	2.458	0.189	2.081	-1.628	0.421	-1.392	10.0	K	VDW
6rw0	A	255	 	A	E	0.0	-2.253	2.498	-0.591	-1.302	-0.733	1.57	-0.146	10.0	K	A	288	 	L	E	0.006	-2.635	2.356	-1.019	-0.987	-1.505	1.266	-0.912	7.0	H	
6rw0	A	263	 	F	E	0.01	-2.579	2.71	-1.006	-0.59	1.891	-0.397	0.412	18.0	S	A	293	 	Q	E	0.293	-1.851	2.025	0.931	-0.179	-3.005	-0.503	-1.853	6.0	G	
6rw0	A	133	 	R	-	0.206	-1.753	2.098	1.538	-0.055	1.502	0.44	2.897	18.0	S	A	535	 	P	P	0.015	-1.306	2.458	0.189	2.081	-1.628	0.421	-1.392	10.0	K	HBOND
6rw0	A	133	 	R	-	0.206	-1.753	2.098	1.538	-0.055	1.502	0.44	2.897	18.0	S	A	535	 	P	P	0.015	-1.306	2.458	0.189	2.081	-1.628	0.421	-1.392	10.0	K	VDW
6rw0	A	349	 	C	E	0.0	-1.922	2.806	-1.343	0.465	-0.862	-1.02	-0.255	18.0	S	A	352	 	F	-	0.0	-1.633	-0.058	-1.006	-0.59	1.891	-0.397	0.412	15.0	P	
6rw0	A	370	 	N	E	0.592	-1.583	1.883	0.945	0.828	1.299	-0.169	0.933	13.0	N	A	443	 	S	-	0.1	-1.634	0.945	-0.228	1.399	-4.76	0.67	-2.647	14.0	O	
6rw0	A	319	 	D	H	0.025	-1.074	-0.811	1.05	0.302	-3.656	-0.259	-3.242	9.0	J	A	376	 	I	G	0.012	-1.052	-0.561	-1.239	-0.547	2.131	0.393	0.816	14.0	O	
6rw0	A	170	 	M	E	0.0	-2.003	2.279	-0.663	-1.524	2.219	-1.005	1.212	8.0	I	A	208	 	I	H	0.03	-1.053	-0.746	-1.239	-0.547	2.131	0.393	0.816	1.0	B	
6rw0	A	178	 	D	H	0.362	-1.043	-0.751	1.05	0.302	-3.656	-0.259	-3.242	17.0	R	A	181	 	E	H	0.572	-1.176	-0.584	1.357	-1.453	1.477	0.113	-0.837	17.0	R	
6rw0	A	307	 	A	E	0.0	-2.107	2.604	-0.591	-1.302	-0.733	1.57	-0.146	7.0	H	A	347	 	V	E	0.0	-2.131	2.093	-1.337	-0.279	-0.544	1.242	-1.262	8.0	I	HBOND
6rw0	A	189	 	H	T	0.255	-1.342	-0.2	0.336	-0.417	-1.673	-1.474	-0.078	9.0	J	A	522	 	N	T	0.745	1.15	0.535	0.945	0.828	1.299	-0.169	0.933	15.0	P	
6rw0	A	213	 	A	-	0.0	-1.25	2.61	-0.591	-1.302	-0.733	1.57	-0.146	5.0	F	A	239	 	Y	E	0.005	-1.695	2.465	0.26	0.83	3.097	-0.838	1.512	8.0	I	HBOND
6rw0	A	213	 	A	-	0.0	-1.25	2.61	-0.591	-1.302	-0.733	1.57	-0.146	5.0	F	A	239	 	Y	E	0.005	-1.695	2.465	0.26	0.83	3.097	-0.838	1.512	8.0	I	VDW
6rw0	A	313	 	Y	-	0.667	-1.303	-0.836	0.26	0.83	3.097	-0.838	1.512	13.0	N	A	321	 	K	H	0.0	-0.992	-0.867	1.831	-0.561	0.533	-0.277	1.648	9.0	J	HBOND
6rw0	A	305	 	C	E	0.0	-1.772	2.115	-1.343	0.465	-0.862	-1.02	-0.255	7.0	H	A	345	 	P	P	0.007	-1.014	2.453	0.189	2.081	-1.628	0.421	-1.392	8.0	I	HBOND
6rw0	A	247	 	T	S	0.155	-1.495	-3.109	-0.032	0.326	2.213	0.908	1.313	2.0	C	A	286	 	V	E	0.014	-2.467	2.955	-1.337	-0.279	-0.544	1.242	-1.262	7.0	H	
6rw0	A	345	 	P	P	0.007	-1.014	2.453	0.189	2.081	-1.628	0.421	-1.392	8.0	I	A	484	 	S	E	0.085	-1.092	2.219	-0.228	1.399	-4.76	0.67	-2.647	5.0	F	
6rw0	A	174	 	I	-	0.024	-1.568	-0.089	-1.239	-0.547	2.131	0.393	0.816	13.0	N	A	219	 	Q	E	0.0	-2.145	2.828	0.931	-0.179	-3.005	-0.503	-1.853	18.0	S	HBOND
6rw0	A	174	 	I	-	0.024	-1.568	-0.089	-1.239	-0.547	2.131	0.393	0.816	13.0	N	A	219	 	Q	E	0.0	-2.145	2.828	0.931	-0.179	-3.005	-0.503	-1.853	18.0	S	VDW
6rw0	A	280	 	L	T	0.195	-0.986	-0.708	-1.019	-0.987	-1.505	1.266	-0.912	9.0	J	A	398	 	P	-	0.331	-1.315	2.856	0.189	2.081	-1.628	0.421	-1.392	2.0	C	
6rw0	A	206	 	K	H	0.756	-1.079	-0.711	1.831	-0.561	0.533	-0.277	1.648	17.0	R	A	209	 	K	H	0.668	-1.116	-0.69	1.831	-0.561	0.533	-0.277	1.648	9.0	J	
6rw0	A	363	 	F	H	0.0	-1.024	-0.816	-1.006	-0.59	1.891	-0.397	0.412	1.0	B	A	368	 	K	E	0.629	-2.687	2.627	1.831	-0.561	0.533	-0.277	1.648	8.0	I	
6rw0	A	223	 	E	H	0.552	-1.041	-0.844	1.357	-1.453	1.477	0.113	-0.837	17.0	R	A	252	 	D	E	0.006	-2.424	2.955	1.05	0.302	-3.656	-0.259	-3.242	7.0	H	
6rw0	A	378	 	K	G	0.405	-1.694	-0.084	1.831	-0.561	0.533	-0.277	1.648	14.0	O	A	386	 	S	-	0.454	1.037	0.619	-0.228	1.399	-4.76	0.67	-2.647	12.0	M	
6rw0	A	132	 	K	-	0.649	-2.487	2.559	1.831	-0.561	0.533	-0.277	1.648	4.0	E	A	511	 	S	-	0.031	-1.079	2.602	-0.228	1.399	-4.76	0.67	-2.647	2.0	C	
6rw0	A	260	 	H	T	0.505	-1.245	-0.361	0.336	-0.417	-1.673	-1.474	-0.078	12.0	M	A	263	 	F	E	0.01	-2.579	2.71	-1.006	-0.59	1.891	-0.397	0.412	18.0	S	
6rw0	A	135	 	W	E	0.449	-1.356	2.043	-0.595	0.009	0.672	-2.128	-0.184	8.0	I	A	539	 	K	E	0.41	-2.003	2.243	1.831	-0.561	0.533	-0.277	1.648	10.0	K	
6rw0	A	168	 	S	E	0.123	-1.944	2.654	-0.228	1.399	-4.76	0.67	-2.647	8.0	I	A	214	 	D	S	0.153	-1.277	-0.547	1.05	0.302	-3.656	-0.259	-3.242	13.0	N	HBOND
6rw0	A	406	 	N	T	0.306	-1.59	0.149	0.945	0.828	1.299	-0.169	0.933	13.0	N	A	446	 	Q	E	0.48	-2.374	2.844	0.931	-0.179	-3.005	-0.503	-1.853	5.0	F	HBOND
6rw0	A	406	 	N	T	0.306	-1.59	0.149	0.945	0.828	1.299	-0.169	0.933	13.0	N	A	446	 	Q	E	0.48	-2.374	2.844	0.931	-0.179	-3.005	-0.503	-1.853	5.0	F	VDW
6rw0	A	361	 	Y	H	0.077	-1.058	-0.81	0.26	0.83	3.097	-0.838	1.512	11.0	L	A	480	 	Y	E	0.018	-2.513	2.691	0.26	0.83	3.097	-0.838	1.512	16.0	Q	PIPISTACK
6rw0	A	484	 	S	E	0.085	-1.092	2.219	-0.228	1.399	-4.76	0.67	-2.647	5.0	F	A	503	 	G	-	0.321	-1.267	2.64	-0.384	1.652	1.33	1.045	2.064	6.0	G	
6rw0	A	178	 	D	H	0.362	-1.043	-0.751	1.05	0.302	-3.656	-0.259	-3.242	17.0	R	A	222	 	Q	E	0.025	-1.403	2.333	0.931	-0.179	-3.005	-0.503	-1.853	4.0	E	HBOND
6rw0	A	178	 	D	H	0.362	-1.043	-0.751	1.05	0.302	-3.656	-0.259	-3.242	17.0	R	A	222	 	Q	E	0.025	-1.403	2.333	0.931	-0.179	-3.005	-0.503	-1.853	4.0	E	VDW
6rw0	A	362	 	S	H	0.231	-1.074	-0.66	-0.228	1.399	-4.76	0.67	-2.647	1.0	B	A	366	 	E	H	0.825	-1.66	-0.362	1.357	-1.453	1.477	0.113	-0.837	12.0	M	HBOND
6rw0	A	515	 	E	H	0.515	-1.055	-0.761	1.357	-1.453	1.477	0.113	-0.837	11.0	L	A	518	 	L	H	0.006	-1.199	-0.656	-1.019	-0.987	-1.505	1.266	-0.912	13.0	N	
6rw0	A	450	 	S	-	0.562	-2.15	1.63	-0.228	1.399	-4.76	0.67	-2.647	11.0	L	A	485	 	A	-	0.113	-2.633	2.652	-0.591	-1.302	-0.733	1.57	-0.146	12.0	M	HBOND
6rw0	A	485	 	A	-	0.113	-2.633	2.652	-0.591	-1.302	-0.733	1.57	-0.146	12.0	M	A	504	 	L	-	0.043	-2.086	2.609	-1.019	-0.987	-1.505	1.266	-0.912	8.0	I	
6rw0	A	164	 	K	E	0.512	-2.705	2.792	1.831	-0.561	0.533	-0.277	1.648	18.0	S	A	542	 	L	E	0.049	-1.787	1.974	-1.019	-0.987	-1.505	1.266	-0.912	11.0	L	
6rw0	A	349	 	C	E	0.0	-1.922	2.806	-1.343	0.465	-0.862	-1.02	-0.255	18.0	S	A	482	 	F	E	0.0	-1.786	2.599	-1.006	-0.59	1.891	-0.397	0.412	7.0	H	
6rw0	A	459	 	F	-	0.188	-1.34	2.284	-1.006	-0.59	1.891	-0.397	0.412	2.0	C	A	465	 	P	B	0.507	-1.23	2.499	0.189	2.081	-1.628	0.421	-1.392	5.0	F	
6rw0	A	467	 	V	B	0.028	-2.173	2.673	-1.337	-0.279	-0.544	1.242	-1.262	4.0	E	A	518	 	L	H	0.006	-1.199	-0.656	-1.019	-0.987	-1.505	1.266	-0.912	13.0	N	
6rw0	A	333	 	S	H	0.146	-1.055	-0.588	-0.228	1.399	-4.76	0.67	-2.647	17.0	R	A	343	 	F	B	0.213	-1.669	2.478	-1.006	-0.59	1.891	-0.397	0.412	5.0	F	
6rw0	A	305	 	C	E	0.0	-1.772	2.115	-1.343	0.465	-0.862	-1.02	-0.255	7.0	H	A	332	 	I	H	0.006	-1.051	-0.746	-1.239	-0.547	2.131	0.393	0.816	13.0	N	
6rw0	A	281	 	L	-	0.006	-1.686	1.105	-1.019	-0.987	-1.505	1.266	-0.912	15.0	P	A	324	 	Q	H	0.005	-1.017	-0.824	0.931	-0.179	-3.005	-0.503	-1.853	14.0	O	
6rw0	A	133	 	R	-	0.206	-1.753	2.098	1.538	-0.055	1.502	0.44	2.897	18.0	S	A	536	 	L	E	0.006	-1.734	2.52	-1.019	-0.987	-1.505	1.266	-0.912	7.0	H	
6rw0	A	447	 	H	-	0.06	-2.459	2.889	0.336	-0.417	-1.673	-1.474	-0.078	6.0	G	A	451	 	L	E	0.049	-1.976	2.379	-1.019	-0.987	-1.505	1.266	-0.912	8.0	I	
6rw0	A	131	 	I	-	0.349	-1.946	1.769	-1.239	-0.547	2.131	0.393	0.816	2.0	C	A	513	 	L	B	0.085	-2.248	2.911	-1.019	-0.987	-1.505	1.266	-0.912	5.0	F	
6rw0	A	244	 	K	E	0.195	-2.422	1.95	1.831	-0.561	0.533	-0.277	1.648	2.0	C	A	254	 	C	E	0.007	-1.788	2.543	-1.343	0.465	-0.862	-1.02	-0.255	7.0	H	HBOND
6rw0	A	223	 	E	H	0.552	-1.041	-0.844	1.357	-1.453	1.477	0.113	-0.837	17.0	R	A	226	 	Y	I	0.072	-1.079	-0.827	0.26	0.83	3.097	-0.838	1.512	1.0	B	
6rw0	A	290	 	L	E	0.0	-1.914	2.576	-1.019	-0.987	-1.505	1.266	-0.912	16.0	Q	A	306	 	V	E	0.007	-2.001	2.185	-1.337	-0.279	-0.544	1.242	-1.262	3.0	D	HBOND
6rw0	A	358	 	S	S	0.046	-1.163	2.837	-0.228	1.399	-4.76	0.67	-2.647	13.0	N	A	381	 	G	-	0.369	1.335	0.105	-0.384	1.652	1.33	1.045	2.064	17.0	R	
6rw0	A	519	 	W	H	0.396	-1.247	-0.399	-0.595	0.009	0.672	-2.128	-0.184	1.0	B	A	523	 	G	S	0.0	1.417	-3.059	-0.384	1.652	1.33	1.045	2.064	0.0	A	
6rw0	A	187	 	Y	G	0.041	-2.073	0.35	0.26	0.83	3.097	-0.838	1.512	0.0	A	A	471	 	H	E	0.141	-2.169	-2.913	0.336	-0.417	-1.673	-1.474	-0.078	16.0	Q	PIPISTACK
6rw0	A	216	 	L	E	0.0	-2.039	2.238	-1.019	-0.987	-1.505	1.266	-0.912	19.0	T	A	239	 	Y	E	0.005	-1.695	2.465	0.26	0.83	3.097	-0.838	1.512	8.0	I	
6rw0	A	375	 	P	B	0.243	-1.134	2.579	0.189	2.081	-1.628	0.421	-1.392	4.0	E	A	389	 	Q	P	0.162	-1.706	2.496	0.931	-0.179	-3.005	-0.503	-1.853	5.0	F	
6rw0	A	512	 	L	-	0.024	-1.619	-3.029	-1.019	-0.987	-1.505	1.266	-0.912	5.0	F	A	534	 	L	P	0.018	-1.676	2.571	-1.019	-0.987	-1.505	1.266	-0.912	6.0	G	
6rw0	A	283	 	R	-	0.258	-1.888	2.691	1.538	-0.055	1.502	0.44	2.897	5.0	F	A	320	 	I	H	0.0	-1.153	-0.78	-1.239	-0.547	2.131	0.393	0.816	15.0	P	VDW
6rw0	A	234	 	L	H	0.012	-1.212	-0.691	-1.019	-0.987	-1.505	1.266	-0.912	17.0	R	A	237	 	L	T	0.262	-1.485	0.0	-1.019	-0.987	-1.505	1.266	-0.912	15.0	P	HBOND
6rw0	A	234	 	L	H	0.012	-1.212	-0.691	-1.019	-0.987	-1.505	1.266	-0.912	17.0	R	A	237	 	L	T	0.262	-1.485	0.0	-1.019	-0.987	-1.505	1.266	-0.912	15.0	P	VDW
6rw0	A	296	 	I	-	0.74	-2.489		-1.239	-0.547	2.131	0.393	0.816	17.0	R	A	544	 	L	-	0.555	-2.052		-1.019	-0.987	-1.505	1.266	-0.912			VDW
6rw0	A	256	 	I	E	0.0	-2.11	2.184	-1.239	-0.547	2.131	0.393	0.816	10.0	K	A	288	 	L	E	0.006	-2.635	2.356	-1.019	-0.987	-1.505	1.266	-0.912	7.0	H	
6rw0	A	376	 	I	G	0.012	-1.052	-0.561	-1.239	-0.547	2.131	0.393	0.816	14.0	O	A	389	 	Q	P	0.162	-1.706	2.496	0.931	-0.179	-3.005	-0.503	-1.853	5.0	F	
6rw0	A	329	 	L	H	0.0	-1.071	-0.666	-1.019	-0.987	-1.505	1.266	-0.912	9.0	J	A	447	 	H	-	0.06	-2.459	2.889	0.336	-0.417	-1.673	-1.474	-0.078	6.0	G	
6rw0	A	266	 	L	E	0.561	-1.66	-0.707	-1.019	-0.987	-1.505	1.266	-0.912	2.0	C	A	293	 	Q	E	0.293	-1.851	2.025	0.931	-0.179	-3.005	-0.503	-1.853	6.0	G	
6rw0	A	269	 	N	E	0.204	-2.349	1.514	0.945	0.828	1.299	-0.169	0.933	2.0	C	A	290	 	L	E	0.0	-1.914	2.576	-1.019	-0.987	-1.505	1.266	-0.912	16.0	Q	
6rw0	A	167	 	F	E	0.005	-2.689	2.632	-1.006	-0.59	1.891	-0.397	0.412	4.0	E	A	347	 	V	E	0.0	-2.131	2.093	-1.337	-0.279	-0.544	1.242	-1.262	8.0	I	
6rw0	A	165	 	F	E	0.036	-2.187	2.074	-1.006	-0.59	1.891	-0.397	0.412	0.0	A	A	295	 	K	-	0.517	-1.557	1.542	1.831	-0.561	0.533	-0.277	1.648	17.0	R	
6rw0	A	265	 	L	E	0.348	-1.623	2.164	-1.019	-0.987	-1.505	1.266	-0.912	18.0	S	A	268	 	V	E	0.38	-2.111	2.202	-1.337	-0.279	-0.544	1.242	-1.262	8.0	I	VDW
6rw0	A	516	 	Q	H	0.747	-1.104	-0.7	0.931	-0.179	-3.005	-0.503	-1.853	17.0	R	A	519	 	W	H	0.396	-1.247	-0.399	-0.595	0.009	0.672	-2.128	-0.184	1.0	B	
6rw0	A	239	 	Y	E	0.005	-1.695	2.465	0.26	0.83	3.097	-0.838	1.512	8.0	I	A	258	 	F	E	0.02	-2.58	2.584	-1.006	-0.59	1.891	-0.397	0.412	5.0	F	
6rw0	A	291	 	L	E	0.177	-1.94	2.106	-1.019	-0.987	-1.505	1.266	-0.912	18.0	S	A	304	 	I	E	0.006	-2.115	2.328	-1.239	-0.547	2.131	0.393	0.816	3.0	D	
6rw0	A	208	 	I	H	0.03	-1.053	-0.746	-1.239	-0.547	2.131	0.393	0.816	1.0	B	A	216	 	L	E	0.0	-2.039	2.238	-1.019	-0.987	-1.505	1.266	-0.912	19.0	T	
6rw0	A	256	 	I	E	0.0	-2.11	2.184	-1.239	-0.547	2.131	0.393	0.816	10.0	K	A	306	 	V	E	0.007	-2.001	2.185	-1.337	-0.279	-0.544	1.242	-1.262	3.0	D	
6rw0	A	355	 	V	-	0.162	-1.764	2.839	-1.337	-0.279	-0.544	1.242	-1.262	0.0	A	A	477	 	T	-	0.028	-1.566	2.129	-0.032	0.326	2.213	0.908	1.313	6.0	G	
6rw0	A	219	 	Q	E	0.0	-2.145	2.828	0.931	-0.179	-3.005	-0.503	-1.853	18.0	S	A	350	 	G	E	0.0	2.69	-3.062	-0.384	1.652	1.33	1.045	2.064	19.0	T	
6rw0	A	170	 	M	E	0.0	-2.003	2.279	-0.663	-1.524	2.219	-1.005	1.212	8.0	I	A	207	 	E	H	0.144	-1.092	-0.816	1.357	-1.453	1.477	0.113	-0.837	17.0	R	
6rw0	A	517	 	D	H	0.227	-1.043	-0.798	1.05	0.302	-3.656	-0.259	-3.242	15.0	P	A	521	 	V	T	0.401	-1.683	0.353	-1.337	-0.279	-0.544	1.242	-1.262	13.0	N	
6rw0	A	287	 	G	E	0.0	-2.454	3.037	-0.384	1.652	1.33	1.045	2.064	8.0	I	A	309	 	T	E	0.0	-2.687	2.948	-0.032	0.326	2.213	0.908	1.313	16.0	Q	
6rw0	A	174	 	I	-	0.024	-1.568	-0.089	-1.239	-0.547	2.131	0.393	0.816	13.0	N	A	204	 	I	H	0.012	-1.114	-0.78	-1.239	-0.547	2.131	0.393	0.816	17.0	R	
6rw0	A	180	 	L	H	0.037	-1.036	-0.888	-1.019	-0.987	-1.505	1.266	-0.912	1.0	B	A	187	 	Y	G	0.041	-2.073	0.35	0.26	0.83	3.097	-0.838	1.512	0.0	A	VDW
6rw0	A	172	 	Y	E	0.005	-2.546	2.079	0.26	0.83	3.097	-0.838	1.512	3.0	D	A	533	 	H	B	0.049	-2.043	2.796	0.336	-0.417	-1.673	-1.474	-0.078	5.0	F	
6rw0	A	199	 	F	H	0.36	-1.514	-0.792	-1.006	-0.59	1.891	-0.397	0.412	13.0	N	A	203	 	N	H	0.229	-1.163	-0.764	0.945	0.828	1.299	-0.169	0.933	9.0	J	
6rw0	A	224	 	D	H	0.589	-1.122	-0.791	1.05	0.302	-3.656	-0.259	-3.242	17.0	R	A	228	 	A	I	0.698	-1.382	-0.614	-0.591	-1.302	-0.733	1.57	-0.146	12.0	M	HBOND
6rw0	A	466	 	E	P	0.046	-1.246	2.546	1.357	-1.453	1.477	0.113	-0.837	4.0	E	A	512	 	L	-	0.024	-1.619	-3.029	-1.019	-0.987	-1.505	1.266	-0.912	5.0	F	
6rw0	A	223	 	E	H	0.552	-1.041	-0.844	1.357	-1.453	1.477	0.113	-0.837	17.0	R	A	245	 	M	E	0.303	-1.437	2.546	-0.663	-1.524	2.219	-1.005	1.212	0.0	A	VDW
6rw0	A	345	 	P	P	0.007	-1.014	2.453	0.189	2.081	-1.628	0.421	-1.392	8.0	I	A	542	 	L	E	0.049	-1.787	1.974	-1.019	-0.987	-1.505	1.266	-0.912	11.0	L	
6rw0	A	471	 	H	E	0.141	-2.169	-2.913	0.336	-0.417	-1.673	-1.474	-0.078	16.0	Q	A	524	 	L	S	0.0	-2.137	2.514	-1.019	-0.987	-1.505	1.266	-0.912	12.0	M	
6rw0	A	479	 	D	E	0.025	-1.837	2.501	1.05	0.302	-3.656	-0.259	-3.242	7.0	H	A	536	 	L	E	0.006	-1.734	2.52	-1.019	-0.987	-1.505	1.266	-0.912	7.0	H	
6rw0	A	465	 	P	B	0.507	-1.23	2.499	0.189	2.081	-1.628	0.421	-1.392	5.0	F	A	514	 	T	-	0.099	-1.598	2.922	-0.032	0.326	2.213	0.908	1.313	5.0	F	
6rw0	A	183	 	N	T	0.369	-2.172	0.755	0.945	0.828	1.299	-0.169	0.933	12.0	M	A	186	 	L	G	0.146	-1.33	-0.278	-1.019	-0.987	-1.505	1.266	-0.912	13.0	N	HBOND
6rw0	A	183	 	N	T	0.369	-2.172	0.755	0.945	0.828	1.299	-0.169	0.933	12.0	M	A	186	 	L	G	0.146	-1.33	-0.278	-1.019	-0.987	-1.505	1.266	-0.912	13.0	N	VDW
6rw0	A	221	 	V	E	0.0	-1.483	1.924	-1.337	-0.279	-0.544	1.242	-1.262	0.0	A	A	255	 	A	E	0.0	-2.253	2.498	-0.591	-1.302	-0.733	1.57	-0.146	10.0	K	
6rw0	A	167	 	F	E	0.005	-2.689	2.632	-1.006	-0.59	1.891	-0.397	0.412	4.0	E	A	263	 	F	E	0.01	-2.579	2.71	-1.006	-0.59	1.891	-0.397	0.412	18.0	S	PIPISTACK
6rw0	A	214	 	D	S	0.153	-1.277	-0.547	1.05	0.302	-3.656	-0.259	-3.242	13.0	N	A	262	 	K	T	0.259	-1.742	-0.445	1.831	-0.561	0.533	-0.277	1.648	4.0	E	
6rw0	A	194	 	V	G	0.021	-1.35	-0.135	-1.337	-0.279	-0.544	1.242	-1.262	9.0	J	A	527	 	E	S	0.495	-1.169	-0.281	1.357	-1.453	1.477	0.113	-0.837	15.0	P	VDW
6rw0	A	332	 	I	H	0.006	-1.051	-0.746	-1.239	-0.547	2.131	0.393	0.816	13.0	N	A	348	 	M	E	0.0	-2.084	1.935	-0.663	-1.524	2.219	-1.005	1.212	19.0	T	
6rw0	A	361	 	Y	H	0.077	-1.058	-0.81	0.26	0.83	3.097	-0.838	1.512	11.0	L	A	364	 	I	H	0.006	-1.034	-0.837	-1.239	-0.547	2.131	0.393	0.816	17.0	R	VDW
6rw0	A	280	 	L	T	0.195	-0.986	-0.708	-1.019	-0.987	-1.505	1.266	-0.912	9.0	J	A	320	 	I	H	0.0	-1.153	-0.78	-1.239	-0.547	2.131	0.393	0.816	15.0	P	VDW
6rw0	A	209	 	K	H	0.668	-1.116	-0.69	1.831	-0.561	0.533	-0.277	1.648	9.0	J	A	237	 	L	T	0.262	-1.485	0.0	-1.019	-0.987	-1.505	1.266	-0.912	15.0	P	
6rw0	A	208	 	I	H	0.03	-1.053	-0.746	-1.239	-0.547	2.131	0.393	0.816	1.0	B	A	234	 	L	H	0.012	-1.212	-0.691	-1.019	-0.987	-1.505	1.266	-0.912	17.0	R	
6rw0	A	403	 	I	B	0.036	-2.187	2.262	-1.239	-0.547	2.131	0.393	0.816	0.0	A	A	407	 	C	S	0.0	1.104	0.671	-1.343	0.465	-0.862	-1.02	-0.255	15.0	P	VDW
6rw0	A	167	 	F	E	0.005	-2.689	2.632	-1.006	-0.59	1.891	-0.397	0.412	4.0	E	A	504	 	L	-	0.043	-2.086	2.609	-1.019	-0.987	-1.505	1.266	-0.912	8.0	I	
6rw0	A	371	 	Y	-	0.005	-1.751	0.243	0.26	0.83	3.097	-0.838	1.512	13.0	N	A	445	 	L	E	0.0	-1.856	2.575	-1.019	-0.987	-1.505	1.266	-0.912	14.0	O	
6rw0	A	258	 	F	E	0.02	-2.58	2.584	-1.006	-0.59	1.891	-0.397	0.412	5.0	F	A	265	 	L	E	0.348	-1.623	2.164	-1.019	-0.987	-1.505	1.266	-0.912	18.0	S	
6rw0	A	322	 	L	H	0.0	-1.123	-0.607	-1.019	-0.987	-1.505	1.266	-0.912	17.0	R	A	369	 	L	E	0.104	-2.678	2.104	-1.019	-0.987	-1.505	1.266	-0.912	5.0	F	
6rw0	A	204	 	I	H	0.012	-1.114	-0.78	-1.239	-0.547	2.131	0.393	0.816	17.0	R	A	208	 	I	H	0.03	-1.053	-0.746	-1.239	-0.547	2.131	0.393	0.816	1.0	B	HBOND
6rw0	A	229	 	E	I	0.314	-2.415	-0.867	1.357	-1.453	1.477	0.113	-0.837	12.0	M	A	233	 	S	H	0.2	-1.145	-0.735	-0.228	1.399	-4.76	0.67	-2.647	15.0	P	HBOND
6rw0	A	229	 	E	I	0.314	-2.415	-0.867	1.357	-1.453	1.477	0.113	-0.837	12.0	M	A	233	 	S	H	0.2	-1.145	-0.735	-0.228	1.399	-4.76	0.67	-2.647	15.0	P	VDW
6rw0	A	209	 	K	H	0.668	-1.116	-0.69	1.831	-0.561	0.533	-0.277	1.648	9.0	J	A	212	 	D	-	0.54	0.869	0.817	1.05	0.302	-3.656	-0.259	-3.242	17.0	R	
6rw0	A	378	 	K	G	0.405	-1.694	-0.084	1.831	-0.561	0.533	-0.277	1.648	14.0	O	A	384	 	Q	-	0.283	-2.537	2.818	0.931	-0.179	-3.005	-0.503	-1.853	2.0	C	
6rw0	A	178	 	D	H	0.362	-1.043	-0.751	1.05	0.302	-3.656	-0.259	-3.242	17.0	R	A	182	 	D	H	0.736	-1.277	-0.302	1.05	0.302	-3.656	-0.259	-3.242	17.0	R	HBOND
6rw0	A	379	 	V	S	0.0	-1.084	-0.795	-1.337	-0.279	-0.544	1.242	-1.262	14.0	O	A	392	 	L	P	0.049	-0.916	2.434	-1.019	-0.987	-1.505	1.266	-0.912	0.0	A	
6rw0	A	285	 	N	-	0.038	-1.196	2.789	0.945	0.828	1.299	-0.169	0.933	18.0	S	A	311	 	L	-	0.0	-1.368	2.766	-1.019	-0.987	-1.505	1.266	-0.912	0.0	A	
6rw0	A	273	 	F	-	0.0	-1.426	-0.245	-1.006	-0.59	1.891	-0.397	0.412	13.0	N	A	311	 	L	-	0.0	-1.368	2.766	-1.019	-0.987	-1.505	1.266	-0.912	0.0	A	
6rw0	A	231	 	R	H	0.29	-1.094	-0.808	1.538	-0.055	1.502	0.44	2.897	17.0	R	A	235	 	E	H	0.541	-1.06	-0.549	1.357	-1.453	1.477	0.113	-0.837	17.0	R	HBOND
6rw0	A	288	 	L	E	0.006	-2.635	2.356	-1.019	-0.987	-1.505	1.266	-0.912	7.0	H	A	308	 	N	E	0.0	-2.557	2.455	0.945	0.828	1.299	-0.169	0.933	3.0	D	HBOND
6rw0	A	165	 	F	E	0.036	-2.187	2.074	-1.006	-0.59	1.891	-0.397	0.412	0.0	A	A	542	 	L	E	0.049	-1.787	1.974	-1.019	-0.987	-1.505	1.266	-0.912	11.0	L	HBOND
6rw0	A	165	 	F	E	0.036	-2.187	2.074	-1.006	-0.59	1.891	-0.397	0.412	0.0	A	A	542	 	L	E	0.049	-1.787	1.974	-1.019	-0.987	-1.505	1.266	-0.912	11.0	L	VDW
6rw0	A	215	 	V	E	0.0	-2.293	2.324	-1.337	-0.279	-0.544	1.242	-1.262	8.0	I	A	306	 	V	E	0.007	-2.001	2.185	-1.337	-0.279	-0.544	1.242	-1.262	3.0	D	
6rw0	A	267	 	S	E	0.277	-2.785	2.681	-0.228	1.399	-4.76	0.67	-2.647	2.0	C	A	335	 	V	H	0.12	-1.273	-0.702	-1.337	-0.279	-0.544	1.242	-1.262	17.0	R	
6rw0	A	183	 	N	T	0.369	-2.172	0.755	0.945	0.828	1.299	-0.169	0.933	12.0	M	A	187	 	Y	G	0.041	-2.073	0.35	0.26	0.83	3.097	-0.838	1.512	0.0	A	
6rw0	A	246	 	R	-	0.145	-0.985	2.669	1.538	-0.055	1.502	0.44	2.897	4.0	E	A	252	 	D	E	0.006	-2.424	2.955	1.05	0.302	-3.656	-0.259	-3.242	7.0	H	IONIC
6rw0	A	246	 	R	-	0.145	-0.985	2.669	1.538	-0.055	1.502	0.44	2.897	4.0	E	A	252	 	D	E	0.006	-2.424	2.955	1.05	0.302	-3.656	-0.259	-3.242	7.0	H	HBOND
6rw0	A	246	 	R	-	0.145	-0.985	2.669	1.538	-0.055	1.502	0.44	2.897	4.0	E	A	252	 	D	E	0.006	-2.424	2.955	1.05	0.302	-3.656	-0.259	-3.242	7.0	H	VDW
6rw0	A	331	 	E	H	0.149	-1.094	-0.758	1.357	-1.453	1.477	0.113	-0.837	17.0	R	A	334	 	S	H	0.562	-1.369	-0.745	-0.228	1.399	-4.76	0.67	-2.647	17.0	R	HBOND
6rw0	A	331	 	E	H	0.149	-1.094	-0.758	1.357	-1.453	1.477	0.113	-0.837	17.0	R	A	334	 	S	H	0.562	-1.369	-0.745	-0.228	1.399	-4.76	0.67	-2.647	17.0	R	VDW
6rw0	A	451	 	L	E	0.049	-1.976	2.379	-1.019	-0.987	-1.505	1.266	-0.912	8.0	I	A	485	 	A	-	0.113	-2.633	2.652	-0.591	-1.302	-0.733	1.57	-0.146	12.0	M	
6rw0	A	322	 	L	H	0.0	-1.123	-0.607	-1.019	-0.987	-1.505	1.266	-0.912	17.0	R	A	379	 	V	S	0.0	-1.084	-0.795	-1.337	-0.279	-0.544	1.242	-1.262	14.0	O	
6rw0	A	470	 	C	E	0.0	-2.781	1.619	-1.343	0.465	-0.862	-1.02	-0.255	18.0	S	A	532	 	D	S	0.037	-1.404	0.025	1.05	0.302	-3.656	-0.259	-3.242	14.0	O	HBOND
6rw0	A	361	 	Y	H	0.077	-1.058	-0.81	0.26	0.83	3.097	-0.838	1.512	11.0	L	A	365	 	K	H	0.317	-1.263	-0.661	1.831	-0.561	0.533	-0.277	1.648	13.0	N	HBOND
6rw0	A	361	 	Y	H	0.077	-1.058	-0.81	0.26	0.83	3.097	-0.838	1.512	11.0	L	A	365	 	K	H	0.317	-1.263	-0.661	1.831	-0.561	0.533	-0.277	1.648	13.0	N	VDW
6rw0	A	399	 	P	G	0.772	-1.073	-0.411	0.189	2.081	-1.628	0.421	-1.392	9.0	J	A	402	 	G	-	0.071	1.347	0.527	-0.384	1.652	1.33	1.045	2.064	13.0	N	HBOND
6rw0	A	191	 	R	-	0.54	-1.08	2.344	1.538	-0.055	1.502	0.44	2.897	2.0	C	A	195	 	L	G	0.073	-1.604	-0.277	-1.019	-0.987	-1.505	1.266	-0.912	15.0	P	
6rw0	A	404	 	S	-	0.131	-1.346	3.052	-0.228	1.399	-4.76	0.67	-2.647	2.0	C	A	410	 	E	-	0.49	-2.407	2.649	1.357	-1.453	1.477	0.113	-0.837	6.0	G	
6rw0	A	314	 	N	-	0.357	-0.623	1.907	0.945	0.828	1.299	-0.169	0.933	12.0	M	A	321	 	K	H	0.0	-0.992	-0.867	1.831	-0.561	0.533	-0.277	1.648	9.0	J	
6rw0	A	291	 	L	E	0.177	-1.94	2.106	-1.019	-0.987	-1.505	1.266	-0.912	18.0	S	A	335	 	V	H	0.12	-1.273	-0.702	-1.337	-0.279	-0.544	1.242	-1.262	17.0	R	VDW
6rw0	A	363	 	F	H	0.0	-1.024	-0.816	-1.006	-0.59	1.891	-0.397	0.412	1.0	B	A	369	 	L	E	0.104	-2.678	2.104	-1.019	-0.987	-1.505	1.266	-0.912	5.0	F	
6rw0	A	468	 	T	S	0.0	-2.088	-0.077	-0.032	0.326	2.213	0.908	1.313	4.0	E	A	512	 	L	-	0.024	-1.619	-3.029	-1.019	-0.987	-1.505	1.266	-0.912	5.0	F	
6rw0	A	131	 	I	-	0.349	-1.946	1.769	-1.239	-0.547	2.131	0.393	0.816	2.0	C	A	520	 	T	H	0.627	-1.084	-0.542	-0.032	0.326	2.213	0.908	1.313	17.0	R	VDW
6rw0	A	459	 	F	-	0.188	-1.34	2.284	-1.006	-0.59	1.891	-0.397	0.412	2.0	C	A	511	 	S	-	0.031	-1.079	2.602	-0.228	1.399	-4.76	0.67	-2.647	2.0	C	
6rw0	A	337	 	H	B	0.636	-1.086	2.354	0.336	-0.417	-1.673	-1.474	-0.078	13.0	N	A	343	 	F	B	0.213	-1.669	2.478	-1.006	-0.59	1.891	-0.397	0.412	5.0	F	
6rw0	A	523	 	G	S	0.0	1.417	-3.059	-0.384	1.652	1.33	1.045	2.064	0.0	A	A	526	 	N	-	0.089	-2.445	-3.062	0.945	0.828	1.299	-0.169	0.933	19.0	T	HBOND
6rw0	A	469	 	T	E	0.049	-2.57	2.58	-0.032	0.326	2.213	0.908	1.313	4.0	E	A	524	 	L	S	0.0	-2.137	2.514	-1.019	-0.987	-1.505	1.266	-0.912	12.0	M	
6rw0	A	321	 	K	H	0.0	-0.992	-0.867	1.831	-0.561	0.533	-0.277	1.648	9.0	J	A	354	 	S	-	0.008	-2.534	2.535	-0.228	1.399	-4.76	0.67	-2.647	0.0	A	
6rw0	A	174	 	I	-	0.024	-1.568	-0.089	-1.239	-0.547	2.131	0.393	0.816	13.0	N	A	218	 	L	E	0.006	-1.929	2.533	-1.019	-0.987	-1.505	1.266	-0.912	19.0	T	
6rw0	A	254	 	C	E	0.007	-1.788	2.543	-1.343	0.465	-0.862	-1.02	-0.255	7.0	H	A	308	 	N	E	0.0	-2.557	2.455	0.945	0.828	1.299	-0.169	0.933	3.0	D	VDW
6rw0	A	307	 	A	E	0.0	-2.107	2.604	-0.591	-1.302	-0.733	1.57	-0.146	7.0	H	A	332	 	I	H	0.006	-1.051	-0.746	-1.239	-0.547	2.131	0.393	0.816	13.0	N	
6rw0	A	201	 	F	H	0.107	-1.06	-0.791	-1.006	-0.59	1.891	-0.397	0.412	12.0	M	A	230	 	I	I	0.03	-1.169	-0.922	-1.239	-0.547	2.131	0.393	0.816	17.0	R	VDW
6rw0	A	312	 	L	-	0.085	-0.786	2.34	-1.019	-0.987	-1.505	1.266	-0.912	2.0	C	A	353	 	N	S	0.089	0.845	0.66	0.945	0.828	1.299	-0.169	0.933	11.0	L	
6rw0	A	393	 	S	P	0.492	-1.25	2.721	-0.228	1.399	-4.76	0.67	-2.647	2.0	C	A	396	 	I	S	0.065	-1.181	-0.709	-1.239	-0.547	2.131	0.393	0.816	15.0	P	VDW
6rw0	A	369	 	L	E	0.104	-2.678	2.104	-1.019	-0.987	-1.505	1.266	-0.912	5.0	F	A	374	 	L	-	0.152	-1.493	2.058	-1.019	-0.987	-1.505	1.266	-0.912	12.0	M	
6rw0	A	454	 	V	S	0.007	-1.009	-0.815	-1.337	-0.279	-0.544	1.242	-1.262	12.0	M	A	540	 	F	E	0.0	-2.035	2.733	-1.006	-0.59	1.891	-0.397	0.412	7.0	H	
6rw0	A	273	 	F	-	0.0	-1.426	-0.245	-1.006	-0.59	1.891	-0.397	0.412	13.0	N	A	324	 	Q	H	0.005	-1.017	-0.824	0.931	-0.179	-3.005	-0.503	-1.853	14.0	O	VDW
6rw0	A	321	 	K	H	0.0	-0.992	-0.867	1.831	-0.561	0.533	-0.277	1.648	9.0	J	A	325	 	L	H	0.0	-1.011	-0.781	-1.019	-0.987	-1.505	1.266	-0.912	17.0	R	HBOND
6rw0	A	355	 	V	-	0.162	-1.764	2.839	-1.337	-0.279	-0.544	1.242	-1.262	0.0	A	A	478	 	V	-	0.021	-2.254	-0.12	-1.337	-0.279	-0.544	1.242	-1.262	14.0	O	
6rw0	A	205	 	L	H	0.262	-1.113	-0.689	-1.019	-0.987	-1.505	1.266	-0.912	9.0	J	A	209	 	K	H	0.668	-1.116	-0.69	1.831	-0.561	0.533	-0.277	1.648	9.0	J	HBOND
6rw0	A	135	 	W	E	0.449	-1.356	2.043	-0.595	0.009	0.672	-2.128	-0.184	8.0	I	A	538	 	A	E	0.0	-2.389	2.624	-0.591	-1.302	-0.733	1.57	-0.146	16.0	Q	
6rw0	A	513	 	L	B	0.085	-2.248	2.911	-1.019	-0.987	-1.505	1.266	-0.912	5.0	F	A	534	 	L	P	0.018	-1.676	2.571	-1.019	-0.987	-1.505	1.266	-0.912	6.0	G	
6rw0	A	355	 	V	-	0.162	-1.764	2.839	-1.337	-0.279	-0.544	1.242	-1.262	0.0	A	A	361	 	Y	H	0.077	-1.058	-0.81	0.26	0.83	3.097	-0.838	1.512	11.0	L	
6rw0	A	351	 	D	E	0.012	-1.769	1.844	1.05	0.302	-3.656	-0.259	-3.242	13.0	N	A	479	 	D	E	0.025	-1.837	2.501	1.05	0.302	-3.656	-0.259	-3.242	7.0	H	
6rw0	A	179	 	L	H	0.159	-1.226	-0.591	-1.019	-0.987	-1.505	1.266	-0.912	17.0	R	A	183	 	N	T	0.369	-2.172	0.755	0.945	0.828	1.299	-0.169	0.933	12.0	M	HBOND
6rw0	A	283	 	R	-	0.258	-1.888	2.691	1.538	-0.055	1.502	0.44	2.897	5.0	F	A	314	 	N	-	0.357	-0.623	1.907	0.945	0.828	1.299	-0.169	0.933	12.0	M	
6rw0	A	347	 	V	E	0.0	-2.131	2.093	-1.337	-0.279	-0.544	1.242	-1.262	8.0	I	A	483	 	Y	E	0.113	-2.598	2.658	0.26	0.83	3.097	-0.838	1.512	7.0	H	
6rw0	A	325	 	L	H	0.0	-1.011	-0.781	-1.019	-0.987	-1.505	1.266	-0.912	17.0	R	A	352	 	F	-	0.0	-1.633	-0.058	-1.006	-0.59	1.891	-0.397	0.412	15.0	P	
6rw0	A	332	 	I	H	0.006	-1.051	-0.746	-1.239	-0.547	2.131	0.393	0.816	13.0	N	A	335	 	V	H	0.12	-1.273	-0.702	-1.337	-0.279	-0.544	1.242	-1.262	17.0	R	
6rw0	A	302	 	P	-	0.309	-1.23	2.795	0.189	2.081	-1.628	0.421	-1.392	0.0	A	A	344	 	C	P	0.022	-1.218	2.924	-1.343	0.465	-0.862	-1.02	-0.255	13.0	N	
6rw0	A	358	 	S	S	0.046	-1.163	2.837	-0.228	1.399	-4.76	0.67	-2.647	13.0	N	A	379	 	V	S	0.0	-1.084	-0.795	-1.337	-0.279	-0.544	1.242	-1.262	14.0	O	
6rw0	A	248	 	G	T	0.75	1.105	-2.611	-0.384	1.652	1.33	1.045	2.064	2.0	C	A	284	 	D	-	0.141	-1.583	0.176	1.05	0.302	-3.656	-0.259	-3.242	14.0	O	
6rw0	A	485	 	A	-	0.113	-2.633	2.652	-0.591	-1.302	-0.733	1.57	-0.146	12.0	M	A	503	 	G	-	0.321	-1.267	2.64	-0.384	1.652	1.33	1.045	2.064	6.0	G	
6rw0	A	392	 	L	P	0.049	-0.916	2.434	-1.019	-0.987	-1.505	1.266	-0.912	0.0	A	A	396	 	I	S	0.065	-1.181	-0.709	-1.239	-0.547	2.131	0.393	0.816	15.0	P	
6rw0	A	326	 	A	H	0.0	-1.032	-0.669	-0.591	-1.302	-0.733	1.57	-0.146	9.0	J	A	407	 	C	S	0.0	1.104	0.671	-1.343	0.465	-0.862	-1.02	-0.255	15.0	P	
6rw0	A	291	 	L	E	0.177	-1.94	2.106	-1.019	-0.987	-1.505	1.266	-0.912	18.0	S	A	336	 	A	S	0.009	-1.435	-0.141	-0.591	-1.302	-0.733	1.57	-0.146	13.0	N	
6rw0	A	269	 	N	E	0.204	-2.349	1.514	0.945	0.828	1.299	-0.169	0.933	2.0	C	A	288	 	L	E	0.006	-2.635	2.356	-1.019	-0.987	-1.505	1.266	-0.912	7.0	H	
6rw0	A	356	 	P	T	0.169	-1.027	2.403	0.189	2.081	-1.628	0.421	-1.392	12.0	M	A	477	 	T	-	0.028	-1.566	2.129	-0.032	0.326	2.213	0.908	1.313	6.0	G	
6rw0	A	175	 	L	-	0.012	1.278	1.869	-1.019	-0.987	-1.505	1.266	-0.912	0.0	A	A	180	 	L	H	0.037	-1.036	-0.888	-1.019	-0.987	-1.505	1.266	-0.912	1.0	B	VDW
6rw0	A	364	 	I	H	0.006	-1.034	-0.837	-1.239	-0.547	2.131	0.393	0.816	17.0	R	A	447	 	H	-	0.06	-2.459	2.889	0.336	-0.417	-1.673	-1.474	-0.078	6.0	G	HBOND
6rw0	A	133	 	R	-	0.206	-1.753	2.098	1.538	-0.055	1.502	0.44	2.897	18.0	S	A	534	 	L	P	0.018	-1.676	2.571	-1.019	-0.987	-1.505	1.266	-0.912	6.0	G	
6rw0	A	365	 	K	H	0.317	-1.263	-0.661	1.831	-0.561	0.533	-0.277	1.648	13.0	N	A	453	 	S	E	0.1	-1.749	2.378	-0.228	1.399	-4.76	0.67	-2.647	18.0	S	
6rw0	A	200	 	R	H	0.0	-1.274	-0.763	1.538	-0.055	1.502	0.44	2.897	14.0	O	A	203	 	N	H	0.229	-1.163	-0.764	0.945	0.828	1.299	-0.169	0.933	9.0	J	VDW
6rw0	A	172	 	Y	E	0.005	-2.546	2.079	0.26	0.83	3.097	-0.838	1.512	3.0	D	A	531	 	S	S	0.0	-2.163	2.826	-0.228	1.399	-4.76	0.67	-2.647	5.0	F	
6rw0	A	324	 	Q	H	0.005	-1.017	-0.824	0.931	-0.179	-3.005	-0.503	-1.853	14.0	O	A	327	 	M	H	0.064	-1.131	-0.733	-0.663	-1.524	2.219	-1.005	1.212	14.0	O	VDW
6rw0	A	396	 	I	S	0.065	-1.181	-0.709	-1.239	-0.547	2.131	0.393	0.816	15.0	P	A	445	 	L	E	0.0	-1.856	2.575	-1.019	-0.987	-1.505	1.266	-0.912	14.0	O	
6rw0	A	266	 	L	E	0.561	-1.66	-0.707	-1.019	-0.987	-1.505	1.266	-0.912	2.0	C	A	291	 	L	E	0.177	-1.94	2.106	-1.019	-0.987	-1.505	1.266	-0.912	18.0	S	HBOND
6rw0	A	223	 	E	H	0.552	-1.041	-0.844	1.357	-1.453	1.477	0.113	-0.837	17.0	R	A	251	 	P	-	0.213	-1.64	-0.06	0.189	2.081	-1.628	0.421	-1.392	5.0	F	HBOND
6rw0	A	131	 	I	-	0.349	-1.946	1.769	-1.239	-0.547	2.131	0.393	0.816	2.0	C	A	517	 	D	H	0.227	-1.043	-0.798	1.05	0.302	-3.656	-0.259	-3.242	15.0	P	
6rw0	A	205	 	L	H	0.262	-1.113	-0.689	-1.019	-0.987	-1.505	1.266	-0.912	9.0	J	A	208	 	I	H	0.03	-1.053	-0.746	-1.239	-0.547	2.131	0.393	0.816	1.0	B	
6rw0	A	245	 	M	E	0.303	-1.437	2.546	-0.663	-1.524	2.219	-1.005	1.212	0.0	A	A	253	 	G	E	0.036	-2.916	-2.862	-0.384	1.652	1.33	1.045	2.064	0.0	A	
6rw0	A	212	 	D	-	0.54	0.869	0.817	1.05	0.302	-3.656	-0.259	-3.242	17.0	R	A	259	 	K	E	0.102	-1.172	2.244	1.831	-0.561	0.533	-0.277	1.648	14.0	O	IONIC
6rw0	A	212	 	D	-	0.54	0.869	0.817	1.05	0.302	-3.656	-0.259	-3.242	17.0	R	A	259	 	K	E	0.102	-1.172	2.244	1.831	-0.561	0.533	-0.277	1.648	14.0	O	HBOND
6rw0	A	397	 	W	S	0.035	-2.158	2.714	-0.595	0.009	0.672	-2.128	-0.184	5.0	F	A	407	 	C	S	0.0	1.104	0.671	-1.343	0.465	-0.862	-1.02	-0.255	15.0	P	
6rw0	A	358	 	S	S	0.046	-1.163	2.837	-0.228	1.399	-4.76	0.67	-2.647	13.0	N	A	362	 	S	H	0.231	-1.074	-0.66	-0.228	1.399	-4.76	0.67	-2.647	1.0	B	HBOND
6rw0	A	358	 	S	S	0.046	-1.163	2.837	-0.228	1.399	-4.76	0.67	-2.647	13.0	N	A	362	 	S	H	0.231	-1.074	-0.66	-0.228	1.399	-4.76	0.67	-2.647	1.0	B	VDW
6rw0	A	480	 	Y	E	0.018	-2.513	2.691	0.26	0.83	3.097	-0.838	1.512	16.0	Q	A	536	 	L	E	0.006	-1.734	2.52	-1.019	-0.987	-1.505	1.266	-0.912	7.0	H	
6rw0	A	376	 	I	G	0.012	-1.052	-0.561	-1.239	-0.547	2.131	0.393	0.816	14.0	O	A	379	 	V	S	0.0	-1.084	-0.795	-1.337	-0.279	-0.544	1.242	-1.262	14.0	O	
6rw0	A	457	 	H	S	0.054	1.438	-0.165	0.336	-0.417	-1.673	-1.474	-0.078	13.0	N	A	465	 	P	B	0.507	-1.23	2.499	0.189	2.081	-1.628	0.421	-1.392	5.0	F	
6rw0	A	454	 	V	S	0.007	-1.009	-0.815	-1.337	-0.279	-0.544	1.242	-1.262	12.0	M	A	506	 	L	E	0.128	-1.424	2.04	-1.019	-0.987	-1.505	1.266	-0.912	18.0	S	
6rw0	A	194	 	V	G	0.021	-1.35	-0.135	-1.337	-0.279	-0.544	1.242	-1.262	9.0	J	A	200	 	R	H	0.0	-1.274	-0.763	1.538	-0.055	1.502	0.44	2.897	14.0	O	VDW
6rw0	A	471	 	H	E	0.141	-2.169	-2.913	0.336	-0.417	-1.673	-1.474	-0.078	16.0	Q	A	474	 	S	E	0.262	-2.681	2.391	-0.228	1.399	-4.76	0.67	-2.647	2.0	C	HBOND
6rw0	A	471	 	H	E	0.141	-2.169	-2.913	0.336	-0.417	-1.673	-1.474	-0.078	16.0	Q	A	474	 	S	E	0.262	-2.681	2.391	-0.228	1.399	-4.76	0.67	-2.647	2.0	C	VDW
6rw0	A	285	 	N	-	0.038	-1.196	2.789	0.945	0.828	1.299	-0.169	0.933	18.0	S	A	312	 	L	-	0.085	-0.786	2.34	-1.019	-0.987	-1.505	1.266	-0.912	2.0	C	
6rw0	A	309	 	T	E	0.0	-2.687	2.948	-0.032	0.326	2.213	0.908	1.313	16.0	Q	A	351	 	D	E	0.012	-1.769	1.844	1.05	0.302	-3.656	-0.259	-3.242	13.0	N	HBOND
6rw0	A	179	 	L	H	0.159	-1.226	-0.591	-1.019	-0.987	-1.505	1.266	-0.912	17.0	R	A	182	 	D	H	0.736	-1.277	-0.302	1.05	0.302	-3.656	-0.259	-3.242	17.0	R	
6rw0	A	524	 	L	S	0.0	-2.137	2.514	-1.019	-0.987	-1.505	1.266	-0.912	12.0	M	A	529	 	N	-	0.312	-1.864	1.966	0.945	0.828	1.299	-0.169	0.933	11.0	L	
6rw0	A	134	 	N	-	0.452	-1.96	2.64	0.945	0.828	1.299	-0.169	0.933	2.0	C	A	511	 	S	-	0.031	-1.079	2.602	-0.228	1.399	-4.76	0.67	-2.647	2.0	C	HBOND
6rw0	A	313	 	Y	-	0.667	-1.303	-0.836	0.26	0.83	3.097	-0.838	1.512	13.0	N	A	353	 	N	S	0.089	0.845	0.66	0.945	0.828	1.299	-0.169	0.933	11.0	L	
6rw0	A	348	 	M	E	0.0	-2.084	1.935	-0.663	-1.524	2.219	-1.005	1.212	19.0	T	A	352	 	F	-	0.0	-1.633	-0.058	-1.006	-0.59	1.891	-0.397	0.412	15.0	P	
6rw0	A	399	 	P	G	0.772	-1.073	-0.411	0.189	2.081	-1.628	0.421	-1.392	9.0	J	A	412	 	Q	-	0.51	-1.336	2.577	0.931	-0.179	-3.005	-0.503	-1.853	5.0	F	
6rw0	A	394	 	I	S	0.592	-2.018	1.888	-1.239	-0.547	2.131	0.393	0.816	17.0	R	A	443	 	S	-	0.1	-1.634	0.945	-0.228	1.399	-4.76	0.67	-2.647	14.0	O	VDW
6rw0	A	459	 	F	-	0.188	-1.34	2.284	-1.006	-0.59	1.891	-0.397	0.412	2.0	C	A	464	 	I	P	0.426	-1.236	2.417	-1.239	-0.547	2.131	0.393	0.816	0.0	A	HBOND
6rw0	A	308	 	N	E	0.0	-2.557	2.455	0.945	0.828	1.299	-0.169	0.933	3.0	D	A	349	 	C	E	0.0	-1.922	2.806	-1.343	0.465	-0.862	-1.02	-0.255	18.0	S	
6rw0	A	467	 	V	B	0.028	-2.173	2.673	-1.337	-0.279	-0.544	1.242	-1.262	4.0	E	A	513	 	L	B	0.085	-2.248	2.911	-1.019	-0.987	-1.505	1.266	-0.912	5.0	F	HBOND
6rw0	A	467	 	V	B	0.028	-2.173	2.673	-1.337	-0.279	-0.544	1.242	-1.262	4.0	E	A	513	 	L	B	0.085	-2.248	2.911	-1.019	-0.987	-1.505	1.266	-0.912	5.0	F	VDW
6rw0	A	468	 	T	S	0.0	-2.088	-0.077	-0.032	0.326	2.213	0.908	1.313	4.0	E	A	479	 	D	E	0.025	-1.837	2.501	1.05	0.302	-3.656	-0.259	-3.242	7.0	H	HBOND
6rw0	A	194	 	V	G	0.021	-1.35	-0.135	-1.337	-0.279	-0.544	1.242	-1.262	9.0	J	A	525	 	P	S	0.0	-1.149	2.811	0.189	2.081	-1.628	0.421	-1.392	12.0	M	
6rw0	A	258	 	F	E	0.02	-2.58	2.584	-1.006	-0.59	1.891	-0.397	0.412	5.0	F	A	263	 	F	E	0.01	-2.579	2.71	-1.006	-0.59	1.891	-0.397	0.412	18.0	S	PIPISTACK
6rw0	A	452	 	S	E	0.292	-1.964	2.805	-0.228	1.399	-4.76	0.67	-2.647	2.0	C	A	485	 	A	-	0.113	-2.633	2.652	-0.591	-1.302	-0.733	1.57	-0.146	12.0	M	
6rw0	A	526	 	N	-	0.089	-2.445	-3.062	0.945	0.828	1.299	-0.169	0.933	19.0	T	A	530	 	S	-	0.0	-1.791	0.316	-0.228	1.399	-4.76	0.67	-2.647	15.0	P	
6rw0	A	358	 	S	S	0.046	-1.163	2.837	-0.228	1.399	-4.76	0.67	-2.647	13.0	N	A	380	 	S	S	0.0	-1.607	-0.338	-0.228	1.399	-4.76	0.67	-2.647	14.0	O	
6rw0	A	168	 	S	E	0.123	-1.944	2.654	-0.228	1.399	-4.76	0.67	-2.647	8.0	I	A	540	 	F	E	0.0	-2.035	2.733	-1.006	-0.59	1.891	-0.397	0.412	7.0	H	
6rw0	A	301	 	C	-	0.563		2.303	-1.343	0.465	-0.862	-1.02	-0.255	0.0	A	A	544	 	L	-	0.555	-2.052		-1.019	-0.987	-1.505	1.266	-0.912			
6rw0	A	514	 	T	-	0.099	-1.598	2.922	-0.032	0.326	2.213	0.908	1.313	5.0	F	A	517	 	D	H	0.227	-1.043	-0.798	1.05	0.302	-3.656	-0.259	-3.242	15.0	P	HBOND
6rw0	A	514	 	T	-	0.099	-1.598	2.922	-0.032	0.326	2.213	0.908	1.313	5.0	F	A	517	 	D	H	0.227	-1.043	-0.798	1.05	0.302	-3.656	-0.259	-3.242	15.0	P	VDW
6rw0	A	240	 	H	E	0.261	-1.611	2.287	0.336	-0.417	-1.673	-1.474	-0.078	2.0	C	A	260	 	H	T	0.505	-1.245	-0.361	0.336	-0.417	-1.673	-1.474	-0.078	12.0	M	
6rw0	A	205	 	L	H	0.262	-1.113	-0.689	-1.019	-0.987	-1.505	1.266	-0.912	9.0	J	A	233	 	S	H	0.2	-1.145	-0.735	-0.228	1.399	-4.76	0.67	-2.647	15.0	P	
6rw0	A	180	 	L	H	0.037	-1.036	-0.888	-1.019	-0.987	-1.505	1.266	-0.912	1.0	B	A	183	 	N	T	0.369	-2.172	0.755	0.945	0.828	1.299	-0.169	0.933	12.0	M	HBOND
6rw0	A	470	 	C	E	0.0	-2.781	1.619	-1.343	0.465	-0.862	-1.02	-0.255	18.0	S	A	524	 	L	S	0.0	-2.137	2.514	-1.019	-0.987	-1.505	1.266	-0.912	12.0	M	HBOND
6rw0	A	470	 	C	E	0.0	-2.781	1.619	-1.343	0.465	-0.862	-1.02	-0.255	18.0	S	A	524	 	L	S	0.0	-2.137	2.514	-1.019	-0.987	-1.505	1.266	-0.912	12.0	M	VDW
6rw0	A	343	 	F	B	0.213	-1.669	2.478	-1.006	-0.59	1.891	-0.397	0.412	5.0	F	A	502	 	G	-	0.667		1.219	-0.384	1.652	1.33	1.045	2.064	11.0	L	
6rw0	A	221	 	V	E	0.0	-1.483	1.924	-1.337	-0.279	-0.544	1.242	-1.262	0.0	A	A	226	 	Y	I	0.072	-1.079	-0.827	0.26	0.83	3.097	-0.838	1.512	1.0	B	VDW
6rw0	A	361	 	Y	H	0.077	-1.058	-0.81	0.26	0.83	3.097	-0.838	1.512	11.0	L	A	482	 	F	E	0.0	-1.786	2.599	-1.006	-0.59	1.891	-0.397	0.412	7.0	H	PIPISTACK
6rw0	A	136	 	E	E	0.32	-1.752	2.088	1.357	-1.453	1.477	0.113	-0.837	4.0	E	A	509	 	R	E	0.169	-2.502	2.707	1.538	-0.055	1.502	0.44	2.897	18.0	S	HBOND
6rw0	A	481	 	I	E	0.0	-2.084	1.971	-1.239	-0.547	2.131	0.393	0.816	7.0	H	A	540	 	F	E	0.0	-2.035	2.733	-1.006	-0.59	1.891	-0.397	0.412	7.0	H	
6rw0	A	338	 	Q	-	0.232	-1.949	2.852	0.931	-0.179	-3.005	-0.503	-1.853	2.0	C	A	343	 	F	B	0.213	-1.669	2.478	-1.006	-0.59	1.891	-0.397	0.412	5.0	F	
6rw0	A	348	 	M	E	0.0	-2.084	1.935	-0.663	-1.524	2.219	-1.005	1.212	19.0	T	A	482	 	F	E	0.0	-1.786	2.599	-1.006	-0.59	1.891	-0.397	0.412	7.0	H	HBOND
6rw0	A	348	 	M	E	0.0	-2.084	1.935	-0.663	-1.524	2.219	-1.005	1.212	19.0	T	A	482	 	F	E	0.0	-1.786	2.599	-1.006	-0.59	1.891	-0.397	0.412	7.0	H	VDW
6rw0	A	184	 	S	G	0.515	-1.065	-0.413	-0.228	1.399	-4.76	0.67	-2.647	17.0	R	A	188	 	R	T	0.976	-1.05	-0.437	1.538	-0.055	1.502	0.44	2.897	12.0	M	
6rw0	A	327	 	M	H	0.064	-1.131	-0.733	-0.663	-1.524	2.219	-1.005	1.212	14.0	O	A	403	 	I	B	0.036	-2.187	2.262	-1.239	-0.547	2.131	0.393	0.816	0.0	A	
6rw0	A	359	 	P	H	0.243	-0.946	-0.73	0.189	2.081	-1.628	0.421	-1.392	13.0	N	A	369	 	L	E	0.104	-2.678	2.104	-1.019	-0.987	-1.505	1.266	-0.912	5.0	F	
6rw0	A	239	 	Y	E	0.005	-1.695	2.465	0.26	0.83	3.097	-0.838	1.512	8.0	I	A	257	 	C	E	0.0	-2.209	2.578	-1.343	0.465	-0.862	-1.02	-0.255	7.0	H	
6rw0	A	289	 	V	E	0.0	-2.257	2.15	-1.337	-0.279	-0.544	1.242	-1.262	18.0	S	A	307	 	A	E	0.0	-2.107	2.604	-0.591	-1.302	-0.733	1.57	-0.146	7.0	H	
6rw0	A	524	 	L	S	0.0	-2.137	2.514	-1.019	-0.987	-1.505	1.266	-0.912	12.0	M	A	534	 	L	P	0.018	-1.676	2.571	-1.019	-0.987	-1.505	1.266	-0.912	6.0	G	
6rw0	A	467	 	V	B	0.028	-2.173	2.673	-1.337	-0.279	-0.544	1.242	-1.262	4.0	E	A	514	 	T	-	0.099	-1.598	2.922	-0.032	0.326	2.213	0.908	1.313	5.0	F	
6rw0	A	281	 	L	-	0.006	-1.686	1.105	-1.019	-0.987	-1.505	1.266	-0.912	15.0	P	A	320	 	I	H	0.0	-1.153	-0.78	-1.239	-0.547	2.131	0.393	0.816	15.0	P	
6rw0	A	243	 	Y	E	0.212	-2.115	2.592	0.26	0.83	3.097	-0.838	1.512	18.0	S	A	254	 	C	E	0.007	-1.788	2.543	-1.343	0.465	-0.862	-1.02	-0.255	7.0	H	
6rw0	A	321	 	K	H	0.0	-0.992	-0.867	1.831	-0.561	0.533	-0.277	1.648	9.0	J	A	352	 	F	-	0.0	-1.633	-0.058	-1.006	-0.59	1.891	-0.397	0.412	15.0	P	
6rw0	A	292	 	L	E	0.0	-2.047	2.495	-1.019	-0.987	-1.505	1.266	-0.912	7.0	H	A	306	 	V	E	0.007	-2.001	2.185	-1.337	-0.279	-0.544	1.242	-1.262	3.0	D	
6rw0	A	258	 	F	E	0.02	-2.58	2.584	-1.006	-0.59	1.891	-0.397	0.412	5.0	F	A	290	 	L	E	0.0	-1.914	2.576	-1.019	-0.987	-1.505	1.266	-0.912	16.0	Q	
6rw0	A	517	 	D	H	0.227	-1.043	-0.798	1.05	0.302	-3.656	-0.259	-3.242	15.0	P	A	520	 	T	H	0.627	-1.084	-0.542	-0.032	0.326	2.213	0.908	1.313	17.0	R	
6rw0	A	208	 	I	H	0.03	-1.053	-0.746	-1.239	-0.547	2.131	0.393	0.816	1.0	B	A	211	 	F	H	0.254	-1.391	-0.406	-1.006	-0.59	1.891	-0.397	0.412	17.0	R	
6rw0	A	454	 	V	S	0.007	-1.009	-0.815	-1.337	-0.279	-0.544	1.242	-1.262	12.0	M	A	538	 	A	E	0.0	-2.389	2.624	-0.591	-1.302	-0.733	1.57	-0.146	16.0	Q	VDW
6rw0	A	274	 	F	-	0.35	-1.332	2.12	-1.006	-0.59	1.891	-0.397	0.412	0.0	A	A	284	 	D	-	0.141	-1.583	0.176	1.05	0.302	-3.656	-0.259	-3.242	14.0	O	
6rw0	A	334	 	S	H	0.562	-1.369	-0.745	-0.228	1.399	-4.76	0.67	-2.647	17.0	R	A	409	 	Y	B	0.477	-1.076	2.535	0.26	0.83	3.097	-0.838	1.512	5.0	F	
6rw0	A	186	 	L	G	0.146	-1.33	-0.278	-1.019	-0.987	-1.505	1.266	-0.912	13.0	N	A	472	 	S	T	0.277	-1.056	-0.503	-0.228	1.399	-4.76	0.67	-2.647	12.0	M	HBOND
6rw0	A	186	 	L	G	0.146	-1.33	-0.278	-1.019	-0.987	-1.505	1.266	-0.912	13.0	N	A	472	 	S	T	0.277	-1.056	-0.503	-0.228	1.399	-4.76	0.67	-2.647	12.0	M	VDW
6rw0	A	187	 	Y	G	0.041	-2.073	0.35	0.26	0.83	3.097	-0.838	1.512	0.0	A	A	532	 	D	S	0.037	-1.404	0.025	1.05	0.302	-3.656	-0.259	-3.242	14.0	O	VDW
6rw0	A	273	 	F	-	0.0	-1.426	-0.245	-1.006	-0.59	1.891	-0.397	0.412	13.0	N	A	309	 	T	E	0.0	-2.687	2.948	-0.032	0.326	2.213	0.908	1.313	16.0	Q	
6rw0	A	199	 	F	H	0.36	-1.514	-0.792	-1.006	-0.59	1.891	-0.397	0.412	13.0	N	A	530	 	S	-	0.0	-1.791	0.316	-0.228	1.399	-4.76	0.67	-2.647	15.0	P	
6rw0	A	359	 	P	H	0.243	-0.946	-0.73	0.189	2.081	-1.628	0.421	-1.392	13.0	N	A	379	 	V	S	0.0	-1.084	-0.795	-1.337	-0.279	-0.544	1.242	-1.262	14.0	O	
6rw0	A	271	 	V	E	0.063	-2.285	2.173	-1.337	-0.279	-0.544	1.242	-1.262	0.0	A	A	328	 	L	H	0.0	-1.11	-0.803	-1.019	-0.987	-1.505	1.266	-0.912	14.0	O	
6rw0	A	326	 	A	H	0.0	-1.032	-0.669	-0.591	-1.302	-0.733	1.57	-0.146	9.0	J	A	329	 	L	H	0.0	-1.071	-0.666	-1.019	-0.987	-1.505	1.266	-0.912	9.0	J	
6rw0	A	173	 	N	E	0.0	-1.516	1.927	0.945	0.828	1.299	-0.169	0.933	0.0	A	A	351	 	D	E	0.012	-1.769	1.844	1.05	0.302	-3.656	-0.259	-3.242	13.0	N	HBOND
6rw0	A	309	 	T	E	0.0	-2.687	2.948	-0.032	0.326	2.213	0.908	1.313	16.0	Q	A	352	 	F	-	0.0	-1.633	-0.058	-1.006	-0.59	1.891	-0.397	0.412	15.0	P	
6rw0	A	246	 	R	-	0.145	-0.985	2.669	1.538	-0.055	1.502	0.44	2.897	4.0	E	A	250	 	K	-	0.351	-1.433	2.537	1.831	-0.561	0.533	-0.277	1.648	5.0	F	VDW
6rw0	A	172	 	Y	E	0.005	-2.546	2.079	0.26	0.83	3.097	-0.838	1.512	3.0	D	A	204	 	I	H	0.012	-1.114	-0.78	-1.239	-0.547	2.131	0.393	0.816	17.0	R	
6rw0	A	272	 	E	E	0.49	-1.834	2.125	1.357	-1.453	1.477	0.113	-0.837	4.0	E	A	286	 	V	E	0.014	-2.467	2.955	-1.337	-0.279	-0.544	1.242	-1.262	7.0	H	
6rw0	A	184	 	S	G	0.515	-1.065	-0.413	-0.228	1.399	-4.76	0.67	-2.647	17.0	R	A	187	 	Y	G	0.041	-2.073	0.35	0.26	0.83	3.097	-0.838	1.512	0.0	A	HBOND
6rw0	A	184	 	S	G	0.515	-1.065	-0.413	-0.228	1.399	-4.76	0.67	-2.647	17.0	R	A	187	 	Y	G	0.041	-2.073	0.35	0.26	0.83	3.097	-0.838	1.512	0.0	A	VDW
6rw0	A	475	 	A	E	0.151	-2.504	1.755	-0.591	-1.302	-0.733	1.57	-0.146	16.0	Q	A	515	 	E	H	0.515	-1.055	-0.761	1.357	-1.453	1.477	0.113	-0.837	11.0	L	
6rw0	A	475	 	A	E	0.151	-2.504	1.755	-0.591	-1.302	-0.733	1.57	-0.146	16.0	Q	A	519	 	W	H	0.396	-1.247	-0.399	-0.595	0.009	0.672	-2.128	-0.184	1.0	B	
6rw0	A	400	 	N	G	0.369	-1.271	-0.179	0.945	0.828	1.299	-0.169	0.933	17.0	R	A	412	 	Q	-	0.51	-1.336	2.577	0.931	-0.179	-3.005	-0.503	-1.853	5.0	F	VDW
6rw0	A	317	 	R	-	0.145	-1.548	1.165	1.538	-0.055	1.502	0.44	2.897	0.0	A	A	390	 	R	P	0.476	-1.157	2.539	1.538	-0.055	1.502	0.44	2.897	2.0	C	
6rw0	A	283	 	R	-	0.258	-1.888	2.691	1.538	-0.055	1.502	0.44	2.897	5.0	F	A	312	 	L	-	0.085	-0.786	2.34	-1.019	-0.987	-1.505	1.266	-0.912	2.0	C	
6rw0	A	328	 	L	H	0.0	-1.11	-0.803	-1.019	-0.987	-1.505	1.266	-0.912	14.0	O	A	348	 	M	E	0.0	-2.084	1.935	-0.663	-1.524	2.219	-1.005	1.212	19.0	T	
6rw0	A	179	 	L	H	0.159	-1.226	-0.591	-1.019	-0.987	-1.505	1.266	-0.912	17.0	R	A	252	 	D	E	0.006	-2.424	2.955	1.05	0.302	-3.656	-0.259	-3.242	7.0	H	
6rw0	A	365	 	K	H	0.317	-1.263	-0.661	1.831	-0.561	0.533	-0.277	1.648	13.0	N	A	451	 	L	E	0.049	-1.976	2.379	-1.019	-0.987	-1.505	1.266	-0.912	8.0	I	
6rw0	A	170	 	M	E	0.0	-2.003	2.279	-0.663	-1.524	2.219	-1.005	1.212	8.0	I	A	537	 	L	E	0.012	-2.582	2.327	-1.019	-0.987	-1.505	1.266	-0.912	10.0	K	
6rw0	A	305	 	C	E	0.0	-1.772	2.115	-1.343	0.465	-0.862	-1.02	-0.255	7.0	H	A	346	 	I	E	0.012	-2.116	2.359	-1.239	-0.547	2.131	0.393	0.816	19.0	T	
6rw0	A	319	 	D	H	0.025	-1.074	-0.811	1.05	0.302	-3.656	-0.259	-3.242	9.0	J	A	396	 	I	S	0.065	-1.181	-0.709	-1.239	-0.547	2.131	0.393	0.816	15.0	P	
6rw0	A	359	 	P	H	0.243	-0.946	-0.73	0.189	2.081	-1.628	0.421	-1.392	13.0	N	A	362	 	S	H	0.231	-1.074	-0.66	-0.228	1.399	-4.76	0.67	-2.647	1.0	B	
6rw0	A	371	 	Y	-	0.005	-1.751	0.243	0.26	0.83	3.097	-0.838	1.512	13.0	N	A	444	 	N	E	0.293	-2.275	2.346	0.945	0.828	1.299	-0.169	0.933	10.0	K	
6rw0	A	397	 	W	S	0.035	-2.158	2.714	-0.595	0.009	0.672	-2.128	-0.184	5.0	F	A	405	 	Q	T	0.247	-1.223	-0.222	0.931	-0.179	-3.005	-0.503	-1.853	9.0	J	
6rw0	A	514	 	T	-	0.099	-1.598	2.922	-0.032	0.326	2.213	0.908	1.313	5.0	F	A	518	 	L	H	0.006	-1.199	-0.656	-1.019	-0.987	-1.505	1.266	-0.912	13.0	N	HBOND
6rw0	A	289	 	V	E	0.0	-2.257	2.15	-1.337	-0.279	-0.544	1.242	-1.262	18.0	S	A	305	 	C	E	0.0	-1.772	2.115	-1.343	0.465	-0.862	-1.02	-0.255	7.0	H	VDW
6rw0	A	189	 	H	T	0.255	-1.342	-0.2	0.336	-0.417	-1.673	-1.474	-0.078	9.0	J	A	524	 	L	S	0.0	-2.137	2.514	-1.019	-0.987	-1.505	1.266	-0.912	12.0	M	HBOND
6rw0	A	375	 	P	B	0.243	-1.134	2.579	0.189	2.081	-1.628	0.421	-1.392	4.0	E	A	391	 	I	B	0.462	-1.497	2.509	-1.239	-0.547	2.131	0.393	0.816	5.0	F	
6rw0	A	285	 	N	-	0.038	-1.196	2.789	0.945	0.828	1.299	-0.169	0.933	18.0	S	A	310	 	H	E	0.114	-2.436	1.804	0.336	-0.417	-1.673	-1.474	-0.078	0.0	A	
6rw0	A	390	 	R	P	0.476	-1.157	2.539	1.538	-0.055	1.502	0.44	2.897	2.0	C	A	393	 	S	P	0.492	-1.25	2.721	-0.228	1.399	-4.76	0.67	-2.647	2.0	C	
6rw0	A	255	 	A	E	0.0	-2.253	2.498	-0.591	-1.302	-0.733	1.57	-0.146	10.0	K	A	308	 	N	E	0.0	-2.557	2.455	0.945	0.828	1.299	-0.169	0.933	3.0	D	HBOND
6rw0	A	376	 	I	G	0.012	-1.052	-0.561	-1.239	-0.547	2.131	0.393	0.816	14.0	O	A	391	 	I	B	0.462	-1.497	2.509	-1.239	-0.547	2.131	0.393	0.816	5.0	F	
6rw0	A	246	 	R	-	0.145	-0.985	2.669	1.538	-0.055	1.502	0.44	2.897	4.0	E	A	251	 	P	-	0.213	-1.64	-0.06	0.189	2.081	-1.628	0.421	-1.392	5.0	F	
6rw0	A	451	 	L	E	0.049	-1.976	2.379	-1.019	-0.987	-1.505	1.266	-0.912	8.0	I	A	483	 	Y	E	0.113	-2.598	2.658	0.26	0.83	3.097	-0.838	1.512	7.0	H	
6rw0	A	138	 	I	-	0.704	-1.69		-1.239	-0.547	2.131	0.393	0.816	12.0	M	A	506	 	L	E	0.128	-1.424	2.04	-1.019	-0.987	-1.505	1.266	-0.912	18.0	S	VDW
6rw0	A	242	 	E	E	0.253	-2.212	2.335	1.357	-1.453	1.477	0.113	-0.837	2.0	C	A	268	 	V	E	0.38	-2.111	2.202	-1.337	-0.279	-0.544	1.242	-1.262	8.0	I	
6rw0	A	280	 	L	T	0.195	-0.986	-0.708	-1.019	-0.987	-1.505	1.266	-0.912	9.0	J	A	397	 	W	S	0.035	-2.158	2.714	-0.595	0.009	0.672	-2.128	-0.184	5.0	F	
6rw0	A	291	 	L	E	0.177	-1.94	2.106	-1.019	-0.987	-1.505	1.266	-0.912	18.0	S	A	303	 	A	-	0.123	-1.22	2.861	-0.591	-1.302	-0.733	1.57	-0.146	7.0	H	
6rw0	A	309	 	T	E	0.0	-2.687	2.948	-0.032	0.326	2.213	0.908	1.313	16.0	Q	A	349	 	C	E	0.0	-1.922	2.806	-1.343	0.465	-0.862	-1.02	-0.255	18.0	S	HBOND
6rw0	A	196	 	H	S	0.571	-1.177	2.489	0.336	-0.417	-1.673	-1.474	-0.078	2.0	C	A	199	 	F	H	0.36	-1.514	-0.792	-1.006	-0.59	1.891	-0.397	0.412	13.0	N	HBOND
6rw0	A	185	 	H	G	0.38	-1.117	-0.401	0.336	-0.417	-1.673	-1.474	-0.078	17.0	R	A	188	 	R	T	0.976	-1.05	-0.437	1.538	-0.055	1.502	0.44	2.897	12.0	M	
6rw0	A	371	 	Y	-	0.005	-1.751	0.243	0.26	0.83	3.097	-0.838	1.512	13.0	N	A	393	 	S	P	0.492	-1.25	2.721	-0.228	1.399	-4.76	0.67	-2.647	2.0	C	VDW
6rw0	A	135	 	W	E	0.449	-1.356	2.043	-0.595	0.009	0.672	-2.128	-0.184	8.0	I	A	211	 	F	H	0.254	-1.391	-0.406	-1.006	-0.59	1.891	-0.397	0.412	17.0	R	
6rw0	A	177	 	Q	H	0.051	-1.059	-0.737	0.931	-0.179	-3.005	-0.503	-1.853	9.0	J	A	196	 	H	S	0.571	-1.177	2.489	0.336	-0.417	-1.673	-1.474	-0.078	2.0	C	
6rw0	A	337	 	H	B	0.636	-1.086	2.354	0.336	-0.417	-1.673	-1.474	-0.078	13.0	N	A	341	 	G	S	0.619	1.516	-0.134	-0.384	1.652	1.33	1.045	2.064	5.0	F	
6rw0	A	456	 	S	-	0.469	-1.684	-0.14	-0.228	1.399	-4.76	0.67	-2.647	12.0	M	A	509	 	R	E	0.169	-2.502	2.707	1.538	-0.055	1.502	0.44	2.897	18.0	S	
6rw0	A	191	 	R	-	0.54	-1.08	2.344	1.538	-0.055	1.502	0.44	2.897	2.0	C	A	194	 	V	G	0.021	-1.35	-0.135	-1.337	-0.279	-0.544	1.242	-1.262	9.0	J	HBOND
6rw0	A	191	 	R	-	0.54	-1.08	2.344	1.538	-0.055	1.502	0.44	2.897	2.0	C	A	194	 	V	G	0.021	-1.35	-0.135	-1.337	-0.279	-0.544	1.242	-1.262	9.0	J	VDW
6rw0	A	219	 	Q	E	0.0	-2.145	2.828	0.931	-0.179	-3.005	-0.503	-1.853	18.0	S	A	253	 	G	E	0.036	-2.916	-2.862	-0.384	1.652	1.33	1.045	2.064	0.0	A	
6rw0	A	282	 	D	-	0.479	-1.729	0.221	1.05	0.302	-3.656	-0.259	-3.242	6.0	G	A	320	 	I	H	0.0	-1.153	-0.78	-1.239	-0.547	2.131	0.393	0.816	15.0	P	
6rw0	A	454	 	V	S	0.007	-1.009	-0.815	-1.337	-0.279	-0.544	1.242	-1.262	12.0	M	A	481	 	I	E	0.0	-2.084	1.971	-1.239	-0.547	2.131	0.393	0.816	7.0	H	HBOND
6rw0	A	454	 	V	S	0.007	-1.009	-0.815	-1.337	-0.279	-0.544	1.242	-1.262	12.0	M	A	481	 	I	E	0.0	-2.084	1.971	-1.239	-0.547	2.131	0.393	0.816	7.0	H	VDW
6rw0	A	214	 	D	S	0.153	-1.277	-0.547	1.05	0.302	-3.656	-0.259	-3.242	13.0	N	A	258	 	F	E	0.02	-2.58	2.584	-1.006	-0.59	1.891	-0.397	0.412	5.0	F	VDW
6rw0	A	466	 	E	P	0.046	-1.246	2.546	1.357	-1.453	1.477	0.113	-0.837	4.0	E	A	477	 	T	-	0.028	-1.566	2.129	-0.032	0.326	2.213	0.908	1.313	6.0	G	
6rw0	A	395	 	P	S	0.478	-1.305	2.952	0.189	2.081	-1.628	0.421	-1.392	17.0	R	A	405	 	Q	T	0.247	-1.223	-0.222	0.931	-0.179	-3.005	-0.503	-1.853	9.0	J	
6rw0	A	330	 	A	H	0.0	-1.121	-0.716	-0.591	-1.302	-0.733	1.57	-0.146	13.0	N	A	408	 	V	-	0.232	-2.104	2.632	-1.337	-0.279	-0.544	1.242	-1.262	6.0	G	
6rw0	A	318	 	G	H	0.012	-1.203	-0.488	-0.384	1.652	1.33	1.045	2.064	13.0	N	A	322	 	L	H	0.0	-1.123	-0.607	-1.019	-0.987	-1.505	1.266	-0.912	17.0	R	HBOND
6rw0	A	201	 	F	H	0.107	-1.06	-0.791	-1.006	-0.59	1.891	-0.397	0.412	12.0	M	A	229	 	E	I	0.314	-2.415	-0.867	1.357	-1.453	1.477	0.113	-0.837	12.0	M	
6rw0	A	265	 	L	E	0.348	-1.623	2.164	-1.019	-0.987	-1.505	1.266	-0.912	18.0	S	A	291	 	L	E	0.177	-1.94	2.106	-1.019	-0.987	-1.505	1.266	-0.912	18.0	S	
6rw0	A	271	 	V	E	0.063	-2.285	2.173	-1.337	-0.279	-0.544	1.242	-1.262	0.0	A	A	289	 	V	E	0.0	-2.257	2.15	-1.337	-0.279	-0.544	1.242	-1.262	18.0	S	
6rw0	A	509	 	R	E	0.169	-2.502	2.707	1.538	-0.055	1.502	0.44	2.897	18.0	S	A	538	 	A	E	0.0	-2.389	2.624	-0.591	-1.302	-0.733	1.57	-0.146	16.0	Q	
6rw0	A	364	 	I	H	0.006	-1.034	-0.837	-1.239	-0.547	2.131	0.393	0.816	17.0	R	A	482	 	F	E	0.0	-1.786	2.599	-1.006	-0.59	1.891	-0.397	0.412	7.0	H	
6rw0	A	318	 	G	H	0.012	-1.203	-0.488	-0.384	1.652	1.33	1.045	2.064	13.0	N	A	379	 	V	S	0.0	-1.084	-0.795	-1.337	-0.279	-0.544	1.242	-1.262	14.0	O	VDW
6rw0	A	176	 	S	-	0.015	-1.23	2.36	-0.228	1.399	-4.76	0.67	-2.647	0.0	A	A	180	 	L	H	0.037	-1.036	-0.888	-1.019	-0.987	-1.505	1.266	-0.912	1.0	B	HBOND
6rw0	A	170	 	M	E	0.0	-2.003	2.279	-0.663	-1.524	2.219	-1.005	1.212	8.0	I	A	217	 	C	E	0.0	-2.019	1.859	-1.343	0.465	-0.862	-1.02	-0.255	8.0	I	HBOND
6rw0	A	352	 	F	-	0.0	-1.633	-0.058	-1.006	-0.59	1.891	-0.397	0.412	15.0	P	A	480	 	Y	E	0.018	-2.513	2.691	0.26	0.83	3.097	-0.838	1.512	16.0	Q	PIPISTACK
6rw0	A	353	 	N	S	0.089	0.845	0.66	0.945	0.828	1.299	-0.169	0.933	11.0	L	A	382	 	Q	S	0.03	-1.268	2.738	0.931	-0.179	-3.005	-0.503	-1.853	2.0	C	
6rw0	A	470	 	C	E	0.0	-2.781	1.619	-1.343	0.465	-0.862	-1.02	-0.255	18.0	S	A	474	 	S	E	0.262	-2.681	2.391	-0.228	1.399	-4.76	0.67	-2.647	2.0	C	
6rw0	A	477	 	T	-	0.028	-1.566	2.129	-0.032	0.326	2.213	0.908	1.313	6.0	G	A	480	 	Y	E	0.018	-2.513	2.691	0.26	0.83	3.097	-0.838	1.512	16.0	Q	VDW
6rw0	A	470	 	C	E	0.0	-2.781	1.619	-1.343	0.465	-0.862	-1.02	-0.255	18.0	S	A	518	 	L	H	0.006	-1.199	-0.656	-1.019	-0.987	-1.505	1.266	-0.912	13.0	N	VDW
6rw0	A	172	 	Y	E	0.005	-2.546	2.079	0.26	0.83	3.097	-0.838	1.512	3.0	D	A	218	 	L	E	0.006	-1.929	2.533	-1.019	-0.987	-1.505	1.266	-0.912	19.0	T	
6rw0	A	174	 	I	-	0.024	-1.568	-0.089	-1.239	-0.547	2.131	0.393	0.816	13.0	N	A	200	 	R	H	0.0	-1.274	-0.763	1.538	-0.055	1.502	0.44	2.897	14.0	O	HBOND
6rw0	A	174	 	I	-	0.024	-1.568	-0.089	-1.239	-0.547	2.131	0.393	0.816	13.0	N	A	200	 	R	H	0.0	-1.274	-0.763	1.538	-0.055	1.502	0.44	2.897	14.0	O	VDW
6rw0	A	235	 	E	H	0.541	-1.06	-0.549	1.357	-1.453	1.477	0.113	-0.837	17.0	R	A	241	 	C	E	0.007	-2.045	2.367	-1.343	0.465	-0.862	-1.02	-0.255	8.0	I	
6rw0	A	240	 	H	E	0.261	-1.611	2.287	0.336	-0.417	-1.673	-1.474	-0.078	2.0	C	A	258	 	F	E	0.02	-2.58	2.584	-1.006	-0.59	1.891	-0.397	0.412	5.0	F	PIPISTACK
6rw0	A	240	 	H	E	0.261	-1.611	2.287	0.336	-0.417	-1.673	-1.474	-0.078	2.0	C	A	258	 	F	E	0.02	-2.58	2.584	-1.006	-0.59	1.891	-0.397	0.412	5.0	F	HBOND
6rw0	A	240	 	H	E	0.261	-1.611	2.287	0.336	-0.417	-1.673	-1.474	-0.078	2.0	C	A	258	 	F	E	0.02	-2.58	2.584	-1.006	-0.59	1.891	-0.397	0.412	5.0	F	VDW
6rw0	A	455	 	Y	-	0.027	-1.682	2.604	0.26	0.83	3.097	-0.838	1.512	2.0	C	A	511	 	S	-	0.031	-1.079	2.602	-0.228	1.399	-4.76	0.67	-2.647	2.0	C	
6rw0	A	345	 	P	P	0.007	-1.014	2.453	0.189	2.081	-1.628	0.421	-1.392	8.0	I	A	504	 	L	-	0.043	-2.086	2.609	-1.019	-0.987	-1.505	1.266	-0.912	8.0	I	VDW
6rw0	A	481	 	I	E	0.0	-2.084	1.971	-1.239	-0.547	2.131	0.393	0.816	7.0	H	A	538	 	A	E	0.0	-2.389	2.624	-0.591	-1.302	-0.733	1.57	-0.146	16.0	Q	
6rw0	A	303	 	A	-	0.123	-1.22	2.861	-0.591	-1.302	-0.733	1.57	-0.146	7.0	H	A	345	 	P	P	0.007	-1.014	2.453	0.189	2.081	-1.628	0.421	-1.392	8.0	I	
6rw0	A	313	 	Y	-	0.667	-1.303	-0.836	0.26	0.83	3.097	-0.838	1.512	13.0	N	A	382	 	Q	S	0.03	-1.268	2.738	0.931	-0.179	-3.005	-0.503	-1.853	2.0	C	HBOND
6rw0	A	327	 	M	H	0.064	-1.131	-0.733	-0.663	-1.524	2.219	-1.005	1.212	14.0	O	A	401	 	L	G	0.043	-1.13	-0.62	-1.019	-0.987	-1.505	1.266	-0.912	17.0	R	VDW
6rw0	A	197	 	W	H	0.101	-1.052	-0.562	-0.595	0.009	0.672	-2.128	-0.184	12.0	M	A	230	 	I	I	0.03	-1.169	-0.922	-1.239	-0.547	2.131	0.393	0.816	17.0	R	
6rw0	A	329	 	L	H	0.0	-1.071	-0.666	-1.019	-0.987	-1.505	1.266	-0.912	9.0	J	A	348	 	M	E	0.0	-2.084	1.935	-0.663	-1.524	2.219	-1.005	1.212	19.0	T	
6rw0	A	221	 	V	E	0.0	-1.483	1.924	-1.337	-0.279	-0.544	1.242	-1.262	0.0	A	A	230	 	I	I	0.03	-1.169	-0.922	-1.239	-0.547	2.131	0.393	0.816	17.0	R	
6rw0	A	226	 	Y	I	0.072	-1.079	-0.827	0.26	0.83	3.097	-0.838	1.512	1.0	B	A	232	 	P	H	0.404	-1.067	-0.698	0.189	2.081	-1.628	0.421	-1.392	17.0	R	
6rw0	A	187	 	Y	G	0.041	-2.073	0.35	0.26	0.83	3.097	-0.838	1.512	0.0	A	A	472	 	S	T	0.277	-1.056	-0.503	-0.228	1.399	-4.76	0.67	-2.647	12.0	M	
6rw0	A	354	 	S	-	0.008	-2.534	2.535	-0.228	1.399	-4.76	0.67	-2.647	0.0	A	A	478	 	V	-	0.021	-2.254	-0.12	-1.337	-0.279	-0.544	1.242	-1.262	14.0	O	
6rw0	A	188	 	R	T	0.976	-1.05	-0.437	1.538	-0.055	1.502	0.44	2.897	12.0	M	A	472	 	S	T	0.277	-1.056	-0.503	-0.228	1.399	-4.76	0.67	-2.647	12.0	M	
6rw0	A	266	 	L	E	0.561	-1.66	-0.707	-1.019	-0.987	-1.505	1.266	-0.912	2.0	C	A	303	 	A	-	0.123	-1.22	2.861	-0.591	-1.302	-0.733	1.57	-0.146	7.0	H	
6rw0	A	458	 	Y	B	0.509	-2.467	2.475	0.26	0.83	3.097	-0.838	1.512	0.0	A	A	466	 	E	P	0.046	-1.246	2.546	1.357	-1.453	1.477	0.113	-0.837	4.0	E	
6rw0	A	375	 	P	B	0.243	-1.134	2.579	0.189	2.081	-1.628	0.421	-1.392	4.0	E	A	378	 	K	G	0.405	-1.694	-0.084	1.831	-0.561	0.533	-0.277	1.648	14.0	O	HBOND
6rw0	A	346	 	I	E	0.012	-2.116	2.359	-1.239	-0.547	2.131	0.393	0.816	19.0	T	A	484	 	S	E	0.085	-1.092	2.219	-0.228	1.399	-4.76	0.67	-2.647	5.0	F	HBOND
6rw0	A	346	 	I	E	0.012	-2.116	2.359	-1.239	-0.547	2.131	0.393	0.816	19.0	T	A	484	 	S	E	0.085	-1.092	2.219	-0.228	1.399	-4.76	0.67	-2.647	5.0	F	VDW
6rw0	A	133	 	R	-	0.206	-1.753	2.098	1.538	-0.055	1.502	0.44	2.897	18.0	S	A	512	 	L	-	0.024	-1.619	-3.029	-1.019	-0.987	-1.505	1.266	-0.912	5.0	F	
6rw0	A	135	 	W	E	0.449	-1.356	2.043	-0.595	0.009	0.672	-2.128	-0.184	8.0	I	A	508	 	A	E	0.019	-2.838	2.776	-0.591	-1.302	-0.733	1.57	-0.146	7.0	H	
6rw0	A	258	 	F	E	0.02	-2.58	2.584	-1.006	-0.59	1.891	-0.397	0.412	5.0	F	A	292	 	L	E	0.0	-2.047	2.495	-1.019	-0.987	-1.505	1.266	-0.912	7.0	H	
6rw0	A	506	 	L	E	0.128	-1.424	2.04	-1.019	-0.987	-1.505	1.266	-0.912	18.0	S	A	540	 	F	E	0.0	-2.035	2.733	-1.006	-0.59	1.891	-0.397	0.412	7.0	H	
6rw0	A	256	 	I	E	0.0	-2.11	2.184	-1.239	-0.547	2.131	0.393	0.816	10.0	K	A	308	 	N	E	0.0	-2.557	2.455	0.945	0.828	1.299	-0.169	0.933	3.0	D	
6rw0	A	213	 	A	-	0.0	-1.25	2.61	-0.591	-1.302	-0.733	1.57	-0.146	5.0	F	A	216	 	L	E	0.0	-2.039	2.238	-1.019	-0.987	-1.505	1.266	-0.912	19.0	T	VDW
6rw0	A	187	 	Y	G	0.041	-2.073	0.35	0.26	0.83	3.097	-0.838	1.512	0.0	A	A	195	 	L	G	0.073	-1.604	-0.277	-1.019	-0.987	-1.505	1.266	-0.912	15.0	P	
6rw0	A	454	 	V	S	0.007	-1.009	-0.815	-1.337	-0.279	-0.544	1.242	-1.262	12.0	M	A	509	 	R	E	0.169	-2.502	2.707	1.538	-0.055	1.502	0.44	2.897	18.0	S	HBOND
6rw0	A	454	 	V	S	0.007	-1.009	-0.815	-1.337	-0.279	-0.544	1.242	-1.262	12.0	M	A	509	 	R	E	0.169	-2.502	2.707	1.538	-0.055	1.502	0.44	2.897	18.0	S	VDW
6rw0	A	472	 	S	T	0.277	-1.056	-0.503	-0.228	1.399	-4.76	0.67	-2.647	12.0	M	A	519	 	W	H	0.396	-1.247	-0.399	-0.595	0.009	0.672	-2.128	-0.184	1.0	B	
6rw0	A	350	 	G	E	0.0	2.69	-3.062	-0.384	1.652	1.33	1.045	2.064	19.0	T	A	479	 	D	E	0.025	-1.837	2.501	1.05	0.302	-3.656	-0.259	-3.242	7.0	H	
6rw0	A	274	 	F	-	0.35	-1.332	2.12	-1.006	-0.59	1.891	-0.397	0.412	0.0	A	A	282	 	D	-	0.479	-1.729	0.221	1.05	0.302	-3.656	-0.259	-3.242	6.0	G	
6rw0	A	244	 	K	E	0.195	-2.422	1.95	1.831	-0.561	0.533	-0.277	1.648	2.0	C	A	288	 	L	E	0.006	-2.635	2.356	-1.019	-0.987	-1.505	1.266	-0.912	7.0	H	
6rw0	A	171	 	S	E	0.008	-1.998	2.147	-0.228	1.399	-4.76	0.67	-2.647	3.0	D	A	481	 	I	E	0.0	-2.084	1.971	-1.239	-0.547	2.131	0.393	0.816	7.0	H	
6rw0	A	377	 	G	G	0.0	-1.434	-0.055	-0.384	1.652	1.33	1.045	2.064	11.0	L	A	384	 	Q	-	0.283	-2.537	2.818	0.931	-0.179	-3.005	-0.503	-1.853	2.0	C	VDW
6rw0	A	363	 	F	H	0.0	-1.024	-0.816	-1.006	-0.59	1.891	-0.397	0.412	1.0	B	A	446	 	Q	E	0.48	-2.374	2.844	0.931	-0.179	-3.005	-0.503	-1.853	5.0	F	
6rw0	A	468	 	T	S	0.0	-2.088	-0.077	-0.032	0.326	2.213	0.908	1.313	4.0	E	A	477	 	T	-	0.028	-1.566	2.129	-0.032	0.326	2.213	0.908	1.313	6.0	G	VDW
6rw0	A	304	 	I	E	0.006	-2.115	2.328	-1.239	-0.547	2.131	0.393	0.816	3.0	D	A	542	 	L	E	0.049	-1.787	1.974	-1.019	-0.987	-1.505	1.266	-0.912	11.0	L	
6rw0	A	458	 	Y	B	0.509	-2.467	2.475	0.26	0.83	3.097	-0.838	1.512	0.0	A	A	463	 	G	-	0.56	1.338	0.017	-0.384	1.652	1.33	1.045	2.064	14.0	O	
6rw0	A	197	 	W	H	0.101	-1.052	-0.562	-0.595	0.009	0.672	-2.128	-0.184	12.0	M	A	204	 	I	H	0.012	-1.114	-0.78	-1.239	-0.547	2.131	0.393	0.816	17.0	R	
6rw0	A	235	 	E	H	0.541	-1.06	-0.549	1.357	-1.453	1.477	0.113	-0.837	17.0	R	A	239	 	Y	E	0.005	-1.695	2.465	0.26	0.83	3.097	-0.838	1.512	8.0	I	
6rw0	A	330	 	A	H	0.0	-1.121	-0.716	-0.591	-1.302	-0.733	1.57	-0.146	13.0	N	A	333	 	S	H	0.146	-1.055	-0.588	-0.228	1.399	-4.76	0.67	-2.647	17.0	R	VDW
6rw0	A	289	 	V	E	0.0	-2.257	2.15	-1.337	-0.279	-0.544	1.242	-1.262	18.0	S	A	306	 	V	E	0.007	-2.001	2.185	-1.337	-0.279	-0.544	1.242	-1.262	3.0	D	
6rw0	A	330	 	A	H	0.0	-1.121	-0.716	-0.591	-1.302	-0.733	1.57	-0.146	13.0	N	A	409	 	Y	B	0.477	-1.076	2.535	0.26	0.83	3.097	-0.838	1.512	5.0	F	
6rw0	A	347	 	V	E	0.0	-2.131	2.093	-1.337	-0.279	-0.544	1.242	-1.262	8.0	I	A	482	 	F	E	0.0	-1.786	2.599	-1.006	-0.59	1.891	-0.397	0.412	7.0	H	
6rw0	A	288	 	L	E	0.006	-2.635	2.356	-1.019	-0.987	-1.505	1.266	-0.912	7.0	H	A	328	 	L	H	0.0	-1.11	-0.803	-1.019	-0.987	-1.505	1.266	-0.912	14.0	O	
6rw0	A	459	 	F	-	0.188	-1.34	2.284	-1.006	-0.59	1.891	-0.397	0.412	2.0	C	A	463	 	G	-	0.56	1.338	0.017	-0.384	1.652	1.33	1.045	2.064	14.0	O	HBOND
6rw0	A	326	 	A	H	0.0	-1.032	-0.669	-0.591	-1.302	-0.733	1.57	-0.146	9.0	J	A	403	 	I	B	0.036	-2.187	2.262	-1.239	-0.547	2.131	0.393	0.816	0.0	A	
6rw0	A	469	 	T	E	0.049	-2.57	2.58	-0.032	0.326	2.213	0.908	1.313	4.0	E	A	476	 	I	E	0.29	-2.681	2.914	-1.239	-0.547	2.131	0.393	0.816	5.0	F	HBOND
6rw0	A	200	 	R	H	0.0	-1.274	-0.763	1.538	-0.055	1.502	0.44	2.897	14.0	O	A	531	 	S	S	0.0	-2.163	2.826	-0.228	1.399	-4.76	0.67	-2.647	5.0	F	
6rw0	A	186	 	L	G	0.146	-1.33	-0.278	-1.019	-0.987	-1.505	1.266	-0.912	13.0	N	A	473	 	R	T	0.73	-2.016	-0.037	1.538	-0.055	1.502	0.44	2.897	12.0	M	
6rw0	A	367	 	G	S	0.107	1.343	0.222	-0.384	1.652	1.33	1.045	2.064	13.0	N	A	446	 	Q	E	0.48	-2.374	2.844	0.931	-0.179	-3.005	-0.503	-1.853	5.0	F	
6rw0	A	374	 	L	-	0.152	-1.493	2.058	-1.019	-0.987	-1.505	1.266	-0.912	12.0	M	A	392	 	L	P	0.049	-0.916	2.434	-1.019	-0.987	-1.505	1.266	-0.912	0.0	A	HBOND
6rw0	A	336	 	A	S	0.009	-1.435	-0.141	-0.591	-1.302	-0.733	1.57	-0.146	13.0	N	A	344	 	C	P	0.022	-1.218	2.924	-1.343	0.465	-0.862	-1.02	-0.255	13.0	N	HBOND
6rw0	A	336	 	A	S	0.009	-1.435	-0.141	-0.591	-1.302	-0.733	1.57	-0.146	13.0	N	A	344	 	C	P	0.022	-1.218	2.924	-1.343	0.465	-0.862	-1.02	-0.255	13.0	N	VDW
6rw0	A	452	 	S	E	0.292	-1.964	2.805	-0.228	1.399	-4.76	0.67	-2.647	2.0	C	A	483	 	Y	E	0.113	-2.598	2.658	0.26	0.83	3.097	-0.838	1.512	7.0	H	HBOND
6rw0	A	452	 	S	E	0.292	-1.964	2.805	-0.228	1.399	-4.76	0.67	-2.647	2.0	C	A	483	 	Y	E	0.113	-2.598	2.658	0.26	0.83	3.097	-0.838	1.512	7.0	H	VDW
6rw0	A	301	 	C	-	0.563		2.303	-1.343	0.465	-0.862	-1.02	-0.255	0.0	A	A	542	 	L	E	0.049	-1.787	1.974	-1.019	-0.987	-1.505	1.266	-0.912	11.0	L	
6rw0	A	406	 	N	T	0.306	-1.59	0.149	0.945	0.828	1.299	-0.169	0.933	13.0	N	A	448	 	H	-	0.554	-1.82	0.241	0.336	-0.417	-1.673	-1.474	-0.078	2.0	C	
6rw0	A	351	 	D	E	0.012	-1.769	1.844	1.05	0.302	-3.656	-0.259	-3.242	13.0	N	A	478	 	V	-	0.021	-2.254	-0.12	-1.337	-0.279	-0.544	1.242	-1.262	14.0	O	
6rw0	A	138	 	I	-	0.704	-1.69		-1.239	-0.547	2.131	0.393	0.816	12.0	M	A	507	 	L	E	0.207	-1.556	-0.681	-1.019	-0.987	-1.505	1.266	-0.912	5.0	F	HBOND
6rw0	A	138	 	I	-	0.704	-1.69		-1.239	-0.547	2.131	0.393	0.816	12.0	M	A	507	 	L	E	0.207	-1.556	-0.681	-1.019	-0.987	-1.505	1.266	-0.912	5.0	F	VDW
6rw0	A	305	 	C	E	0.0	-1.772	2.115	-1.343	0.465	-0.862	-1.02	-0.255	7.0	H	A	344	 	C	P	0.022	-1.218	2.924	-1.343	0.465	-0.862	-1.02	-0.255	13.0	N	VDW
6rw0	A	330	 	A	H	0.0	-1.121	-0.716	-0.591	-1.302	-0.733	1.57	-0.146	13.0	N	A	334	 	S	H	0.562	-1.369	-0.745	-0.228	1.399	-4.76	0.67	-2.647	17.0	R	HBOND
6rw0	A	397	 	W	S	0.035	-2.158	2.714	-0.595	0.009	0.672	-2.128	-0.184	5.0	F	A	403	 	I	B	0.036	-2.187	2.262	-1.239	-0.547	2.131	0.393	0.816	0.0	A	HBOND
6rw0	A	354	 	S	-	0.008	-2.534	2.535	-0.228	1.399	-4.76	0.67	-2.647	0.0	A	A	380	 	S	S	0.0	-1.607	-0.338	-0.228	1.399	-4.76	0.67	-2.647	14.0	O	VDW
6rw0	A	242	 	E	E	0.253	-2.212	2.335	1.357	-1.453	1.477	0.113	-0.837	2.0	C	A	256	 	I	E	0.0	-2.11	2.184	-1.239	-0.547	2.131	0.393	0.816	10.0	K	HBOND
6rw0	A	193	 	P	G	0.485	-1.085	-0.422	0.189	2.081	-1.628	0.421	-1.392	17.0	R	A	199	 	F	H	0.36	-1.514	-0.792	-1.006	-0.59	1.891	-0.397	0.412	13.0	N	
6rw0	A	180	 	L	H	0.037	-1.036	-0.888	-1.019	-0.987	-1.505	1.266	-0.912	1.0	B	A	525	 	P	S	0.0	-1.149	2.811	0.189	2.081	-1.628	0.421	-1.392	12.0	M	
6rw0	A	169	 	V	E	0.0	-2.347	2.278	-1.337	-0.279	-0.544	1.242	-1.262	3.0	D	A	537	 	L	E	0.012	-2.582	2.327	-1.019	-0.987	-1.505	1.266	-0.912	10.0	K	
6rw0	A	169	 	V	E	0.0	-2.347	2.278	-1.337	-0.279	-0.544	1.242	-1.262	3.0	D	A	349	 	C	E	0.0	-1.922	2.806	-1.343	0.465	-0.862	-1.02	-0.255	18.0	S	
6rw0	A	360	 	L	H	0.012	-1.126	-0.766	-1.019	-0.987	-1.505	1.266	-0.912	1.0	B	A	379	 	V	S	0.0	-1.084	-0.795	-1.337	-0.279	-0.544	1.242	-1.262	14.0	O	HBOND
6rw0	A	360	 	L	H	0.012	-1.126	-0.766	-1.019	-0.987	-1.505	1.266	-0.912	1.0	B	A	379	 	V	S	0.0	-1.084	-0.795	-1.337	-0.279	-0.544	1.242	-1.262	14.0	O	VDW
6rw0	A	133	 	R	-	0.206	-1.753	2.098	1.538	-0.055	1.502	0.44	2.897	18.0	S	A	455	 	Y	-	0.027	-1.682	2.604	0.26	0.83	3.097	-0.838	1.512	2.0	C	
