pdb_id	s_ch	s_resi	s_ins	s_resn	s_ss8	s_rsa	s_phi	s_psi	s_a1	s_a2	s_a3	s_a4	s_a5	s_3di_state	s_3di_letter	t_ch	t_resi	t_ins	t_resn	t_ss8	t_rsa	t_phi	t_psi	t_a1	t_a2	t_a3	t_a4	t_a5	t_3di_state	t_3di_letter	Interaction
9bce	B	111	 	C	H	0.0	-1.159	-0.597	-1.343	0.465	-0.862	-1.02	-0.255			B	114	 	F	H	0.0	-1.112		-1.006	-0.59	1.891	-0.397	0.412			VDW
9bce	B	114	 	F	H	0.0	-1.112		-1.006	-0.59	1.891	-0.397	0.412			B	118	 	Y	-	0.288	-2.184	1.502	0.26	0.83	3.097	-0.838	1.512	2.0	C	PIPISTACK
9bce	B	114	 	F	H	0.0	-1.112		-1.006	-0.59	1.891	-0.397	0.412			B	118	 	Y	-	0.288	-2.184	1.502	0.26	0.83	3.097	-0.838	1.512	2.0	C	HBOND
9bce	B	114	 	F	H	0.0	-1.112		-1.006	-0.59	1.891	-0.397	0.412			B	118	 	Y	-	0.288	-2.184	1.502	0.26	0.83	3.097	-0.838	1.512	2.0	C	VDW
9bce	B	227	 	K	H	0.229	-1.146	-0.793	1.831	-0.561	0.533	-0.277	1.648	17.0	R	B	247	 	E	H	0.186	-1.126	-0.579	1.357	-1.453	1.477	0.113	-0.837	1.0	B	IONIC
9bce	B	227	 	K	H	0.229	-1.146	-0.793	1.831	-0.561	0.533	-0.277	1.648	17.0	R	B	247	 	E	H	0.186	-1.126	-0.579	1.357	-1.453	1.477	0.113	-0.837	1.0	B	HBOND
9bce	B	227	 	K	H	0.229	-1.146	-0.793	1.831	-0.561	0.533	-0.277	1.648	17.0	R	B	247	 	E	H	0.186	-1.126	-0.579	1.357	-1.453	1.477	0.113	-0.837	1.0	B	VDW
9bce	A	161	 	R	E	0.125	-2.379	2.716	1.538	-0.055	1.502	0.44	2.897	4.0	E	A	299	 	Q	H	0.283	-1.102	-0.462	0.931	-0.179	-3.005	-0.503	-1.853	15.0	P	HBOND
9bce	B	202	 	P	E	0.375	-1.415	2.16	0.189	2.081	-1.628	0.421	-1.392	4.0	E	B	210	 	T	E	0.373	-2.709		-0.032	0.326	2.213	0.908	1.313			
9bce	A	101	 	S	T	0.115	-1.276	-0.158	-0.228	1.399	-4.76	0.67	-2.647	13.0	N	A	145	 	Y	E	0.333	-1.458	2.619	0.26	0.83	3.097	-0.838	1.512	8.0	I	VDW
9bce	A	118	 	Y	-	0.284	-2.189	1.442	0.26	0.83	3.097	-0.838	1.512	19.0	T	A	121	 	V	E	0.0	-1.87	2.311	-1.337	-0.279	-0.544	1.242	-1.262	19.0	T	HBOND
9bce	A	102	 	F	S	0.005	-1.452	2.487	-1.006	-0.59	1.891	-0.397	0.412			A	107	 	I	H	0.006	-1.104	-0.695	-1.239	-0.547	2.131	0.393	0.816	17.0	R	VDW
9bce	B	97	 	A	E	0.028	-1.793	2.368	-0.591	-1.302	-0.733	1.57	-0.146	3.0	D	B	139	 	Y	-	0.099	-1.517	2.453	0.26	0.83	3.097	-0.838	1.512	6.0	G	
9bce	A	136	 	G	T	0.702	1.025	-2.288	-0.384	1.652	1.33	1.045	2.064	2.0	C	A	275	 	R	-	0.206	-2.028	2.089	1.538	-0.055	1.502	0.44	2.897	2.0	C	HBOND
9bce	A	170	 	G	H	0.321	-1.119	-0.717	-0.384	1.652	1.33	1.045	2.064	17.0	R	A	173	 	K	H	1.0	-1.124	-0.533	1.831	-0.561	0.533	-0.277	1.648	17.0	R	
9bce	B	144	 	K	E	0.112	-2.423	2.575	1.831	-0.561	0.533	-0.277	1.648	2.0	C	B	267	 	V	E	0.0	-2.047	2.314	-1.337	-0.279	-0.544	1.242	-1.262	10.0	K	
9bce	A	280	 	N	H	0.166	-1.122	-0.675	0.945	0.828	1.299	-0.169	0.933	11.0	L	A	284	 	F	H	0.015	-1.173	-0.841	-1.006	-0.59	1.891	-0.397	0.412	15.0	P	HBOND
9bce	B	203	 	L	E	0.0	-2.241	2.499	-1.019	-0.987	-1.505	1.266	-0.912	18.0	S	B	208	 	R	-	0.714		0.2	1.538	-0.055	1.502	0.44	2.897	11.0	L	
9bce	A	203	 	L	E	0.024	-2.067	2.586	-1.019	-0.987	-1.505	1.266	-0.912	18.0	S	A	210	 	T	E	0.535	-2.148		-0.032	0.326	2.213	0.908	1.313			HBOND
9bce	A	203	 	L	E	0.024	-2.067	2.586	-1.019	-0.987	-1.505	1.266	-0.912	18.0	S	A	210	 	T	E	0.535	-2.148		-0.032	0.326	2.213	0.908	1.313			VDW
9bce	B	171	 	Y	H	0.032	-1.052	-0.829	0.26	0.83	3.097	-0.838	1.512	9.0	J	B	175	 	R	H	0.363	-1.857	-0.106	1.538	-0.055	1.502	0.44	2.897	13.0	N	HBOND
9bce	B	284	 	F	H	0.005	-1.127	-0.818	-1.006	-0.59	1.891	-0.397	0.412	15.0	P	B	287	 	F	H	0.091	-1.153	-0.667	-1.006	-0.59	1.891	-0.397	0.412	15.0	P	VDW
9bce	A	96	 	I	E	0.0	-2.281	2.222	-1.239	-0.547	2.131	0.393	0.816	3.0	D	A	124	 	D	E	0.012	-2.247	1.894	1.05	0.302	-3.656	-0.259	-3.242	6.0	G	HBOND
9bce	A	161	 	R	E	0.125	-2.379	2.716	1.538	-0.055	1.502	0.44	2.897	4.0	E	A	242	 	S	T	0.146	-1.471	-0.789	-0.228	1.399	-4.76	0.67	-2.647	9.0	J	VDW
9bce	A	168	 	S	-	0.015	-1.346	2.731	-0.228	1.399	-4.76	0.67	-2.647	4.0	E	A	230	 	A	H	0.0	-1.094	-0.797	-0.591	-1.302	-0.733	1.57	-0.146	14.0	O	
9bce	B	163	 	P	E	0.051	-1.355	2.668	0.189	2.081	-1.628	0.421	-1.392	2.0	C	B	239	 	L	E	0.085		2.705	-1.019	-0.987	-1.505	1.266	-0.912			
9bce	B	227	 	K	H	0.229	-1.146	-0.793	1.831	-0.561	0.533	-0.277	1.648	17.0	R	B	243	 	A	T	0.255	-1.329	-0.264	-0.591	-1.302	-0.733	1.57	-0.146	13.0	N	HBOND
9bce	A	98	 	I	E	0.012	-2.433	2.389	-1.239	-0.547	2.131	0.393	0.816	3.0	D	A	128	 	T	-	0.19	-2.702	2.56	-0.032	0.326	2.213	0.908	1.313	2.0	C	HBOND
9bce	A	107	 	I	H	0.006	-1.104	-0.695	-1.239	-0.547	2.131	0.393	0.816	17.0	R	A	111	 	C	H	0.007	-1.205	-0.66	-1.343	0.465	-0.862	-1.02	-0.255			HBOND
9bce	A	191	 	L	E	0.037	-1.55	2.202	-1.019	-0.987	-1.505	1.266	-0.912	0.0	A	A	218	 	V	E	0.0	-2.429	2.44	-1.337	-0.279	-0.544	1.242	-1.262	6.0	G	HBOND
9bce	A	159	 	F	E	0.081	-2.99	2.982	-1.006	-0.59	1.891	-0.397	0.412	2.0	C	A	267	 	V	E	0.0	-2.007	2.137	-1.337	-0.279	-0.544	1.242	-1.262	7.0	H	HBOND
9bce	A	156	 	R	E	0.48	-2.003	2.352	1.538	-0.055	1.502	0.44	2.897	2.0	C	A	268	 	Y	E	0.171	-1.968	2.633	0.26	0.83	3.097	-0.838	1.512	7.0	H	
9bce	B	171	 	Y	H	0.032	-1.052	-0.829	0.26	0.83	3.097	-0.838	1.512	9.0	J	B	188	 	S	E	0.085	-1.395	2.259	-0.228	1.399	-4.76	0.67	-2.647	3.0	D	HBOND
9bce	B	175	 	R	H	0.363	-1.857	-0.106	1.538	-0.055	1.502	0.44	2.897	13.0	N	B	188	 	S	E	0.085	-1.395	2.259	-0.228	1.399	-4.76	0.67	-2.647	3.0	D	HBOND
9bce	B	175	 	R	H	0.363	-1.857	-0.106	1.538	-0.055	1.502	0.44	2.897	13.0	N	B	188	 	S	E	0.085	-1.395	2.259	-0.228	1.399	-4.76	0.67	-2.647	3.0	D	VDW
9bce	A	95	 	R	E	0.161	-1.962	2.212	1.538	-0.055	1.502	0.44	2.897	3.0	D	A	139	 	Y	-	0.072	-1.407	2.635	0.26	0.83	3.097	-0.838	1.512	6.0	G	PICATION
9bce	A	95	 	R	E	0.161	-1.962	2.212	1.538	-0.055	1.502	0.44	2.897	3.0	D	A	139	 	Y	-	0.072	-1.407	2.635	0.26	0.83	3.097	-0.838	1.512	6.0	G	VDW
9bce	B	170	 	G	H	0.333	-1.114	-0.751	-0.384	1.652	1.33	1.045	2.064	17.0	R	B	173	 	K	H	0.922	-1.146	-0.703	1.831	-0.561	0.533	-0.277	1.648	17.0	R	
9bce	B	109	 	N	H	0.471	-1.069	-0.668	0.945	0.828	1.299	-0.169	0.933	17.0	R	B	291	 	R	H	0.093	-1.199	-0.826	1.538	-0.055	1.502	0.44	2.897	12.0	M	HBOND
9bce	A	92	 	G	E	0.464	1.769	-2.516	-0.384	1.652	1.33	1.045	2.064	3.0	D	A	122	 	E	E	0.402	-1.793	2.315	1.357	-1.453	1.477	0.113	-0.837	2.0	C	HBOND
9bce	A	92	 	G	E	0.464	1.769	-2.516	-0.384	1.652	1.33	1.045	2.064	3.0	D	A	122	 	E	E	0.402	-1.793	2.315	1.357	-1.453	1.477	0.113	-0.837	2.0	C	VDW
9bce	B	181	 	P	G	0.059	-0.994	-0.608	0.189	2.081	-1.628	0.421	-1.392			B	260	 	W	S	0.145	-2.107	1.27	-0.595	0.009	0.672	-2.128	-0.184	16.0	Q	VDW
9bce	A	110	 	L	H	0.012	-1.196	-0.668	-1.019	-0.987	-1.505	1.266	-0.912	9.0	J	A	287	 	F	H	0.076	-1.096	-0.74	-1.006	-0.59	1.891	-0.397	0.412	15.0	P	
9bce	B	273	 	S	G	0.515	-1.102	-0.376	-0.228	1.399	-4.76	0.67	-2.647	12.0	M	B	276	 	Q	T	0.631	-1.108	-0.4	0.931	-0.179	-3.005	-0.503	-1.853	12.0	M	HBOND
9bce	B	273	 	S	G	0.515	-1.102	-0.376	-0.228	1.399	-4.76	0.67	-2.647	12.0	M	B	276	 	Q	T	0.631	-1.108	-0.4	0.931	-0.179	-3.005	-0.503	-1.853	12.0	M	VDW
9bce	B	110	 	L	H	0.012	-1.158	-0.831	-1.019	-0.987	-1.505	1.266	-0.912	9.0	J	B	114	 	F	H	0.0	-1.112		-1.006	-0.59	1.891	-0.397	0.412			HBOND
9bce	B	230	 	A	H	0.0	-1.077	-0.805	-0.591	-1.302	-0.733	1.57	-0.146	14.0	O	B	233	 	D	T	0.448	1.362	0.35	1.05	0.302	-3.656	-0.259	-3.242	11.0	L	HBOND
9bce	B	230	 	A	H	0.0	-1.077	-0.805	-0.591	-1.302	-0.733	1.57	-0.146	14.0	O	B	233	 	D	T	0.448	1.362	0.35	1.05	0.302	-3.656	-0.259	-3.242	11.0	L	VDW
9bce	B	113	 	G	H	0.071	-1.116	-0.635	-0.384	1.652	1.33	1.045	2.064	17.0	R	B	287	 	F	H	0.091	-1.153	-0.667	-1.006	-0.59	1.891	-0.397	0.412	15.0	P	
9bce	B	285	 	L	H	0.012	-1.178	-0.626	-1.019	-0.987	-1.505	1.266	-0.912	15.0	P	B	289	 	V	H	0.232	-1.142	-0.711	-1.337	-0.279	-0.544	1.242	-1.262	11.0	L	HBOND
9bce	A	171	 	Y	H	0.023	-1.079	-0.878	0.26	0.83	3.097	-0.838	1.512	9.0	J	A	187	 	H	S	0.082	-2.107	2.67	0.336	-0.417	-1.673	-1.474	-0.078	18.0	S	PIPISTACK
9bce	A	171	 	Y	H	0.023	-1.079	-0.878	0.26	0.83	3.097	-0.838	1.512	9.0	J	A	187	 	H	S	0.082	-2.107	2.67	0.336	-0.417	-1.673	-1.474	-0.078	18.0	S	HBOND
9bce	A	219	 	R	E	0.073	-2.127	2.337	1.538	-0.055	1.502	0.44	2.897	19.0	T	B	124	 	D	E	0.012	-2.304	1.765	1.05	0.302	-3.656	-0.259	-3.242	6.0	G	IONIC
9bce	A	219	 	R	E	0.073	-2.127	2.337	1.538	-0.055	1.502	0.44	2.897	19.0	T	B	124	 	D	E	0.012	-2.304	1.765	1.05	0.302	-3.656	-0.259	-3.242	6.0	G	HBOND
9bce	B	97	 	A	E	0.028	-1.793	2.368	-0.591	-1.302	-0.733	1.57	-0.146	3.0	D	B	126	 	Q	E	0.025	-2.114	2.019	0.931	-0.179	-3.005	-0.503	-1.853	2.0	C	
9bce	B	106	 	L	H	0.146	-1.136	-0.809	-1.019	-0.987	-1.505	1.266	-0.912	9.0	J	B	109	 	N	H	0.471	-1.069	-0.668	0.945	0.828	1.299	-0.169	0.933	17.0	R	
9bce	B	244	 	C	T	0.022	-2.366	0.562	-1.343	0.465	-0.862	-1.02	-0.255	1.0	B	B	248	 	L	H	0.22	-1.193	-0.724	-1.019	-0.987	-1.505	1.266	-0.912	12.0	M	HBOND
9bce	B	161	 	R	E	0.113	-2.411	2.656	1.538	-0.055	1.502	0.44	2.897	4.0	E	B	264	 	P	P	0.272	-1.104	2.65	0.189	2.081	-1.628	0.421	-1.392	10.0	K	VDW
9bce	A	282	 	S	H	0.254	-1.114	-0.663	-0.228	1.399	-4.76	0.67	-2.647	17.0	R	A	286	 	D	H	0.497	-1.341	-0.574	1.05	0.302	-3.656	-0.259	-3.242	17.0	R	HBOND
9bce	A	287	 	F	H	0.076	-1.096	-0.74	-1.006	-0.59	1.891	-0.397	0.412	15.0	P	A	290	 	K	H	0.766	-1.059	-0.801	1.831	-0.561	0.533	-0.277	1.648	17.0	R	
9bce	A	227	 	K	H	0.22	-0.964	-0.881	1.831	-0.561	0.533	-0.277	1.648	17.0	R	A	243	 	A	T	0.236	-1.128	-0.294	-0.591	-1.302	-0.733	1.57	-0.146	9.0	J	HBOND
9bce	A	227	 	K	H	0.22	-0.964	-0.881	1.831	-0.561	0.533	-0.277	1.648	17.0	R	A	243	 	A	T	0.236	-1.128	-0.294	-0.591	-1.302	-0.733	1.57	-0.146	9.0	J	VDW
9bce	B	169	 	P	H	0.5	-1.054	-0.594	0.189	2.081	-1.628	0.421	-1.392	12.0	M	B	252	 	Q	S	0.455	-1.232	-0.338	0.931	-0.179	-3.005	-0.503	-1.853	14.0	O	
9bce	B	208	 	R	-	0.714		0.2	1.538	-0.055	1.502	0.44	2.897	11.0	L	B	260	 	W	S	0.145	-2.107	1.27	-0.595	0.009	0.672	-2.128	-0.184	16.0	Q	VDW
9bce	B	295	 	Q	S	0.364	3.077	2.996	0.931	-0.179	-3.005	-0.503	-1.853	6.0	G	B	298	 	L	T	0.335	-1.473	0.623	-1.019	-0.987	-1.505	1.266	-0.912	17.0	R	VDW
9bce	B	168	 	S	-	0.008	-1.319	2.738	-0.228	1.399	-4.76	0.67	-2.647	4.0	E	B	230	 	A	H	0.0	-1.077	-0.805	-0.591	-1.302	-0.733	1.57	-0.146	14.0	O	
9bce	A	180	 	T	S	0.366	-2.431	2.829	-0.032	0.326	2.213	0.908	1.313	0.0	A	A	183	 	E	G	0.397	-1.265	-0.249	1.357	-1.453	1.477	0.113	-0.837	17.0	R	HBOND
9bce	A	180	 	T	S	0.366	-2.431	2.829	-0.032	0.326	2.213	0.908	1.313	0.0	A	A	183	 	E	G	0.397	-1.265	-0.249	1.357	-1.453	1.477	0.113	-0.837	17.0	R	VDW
9bce	A	163	 	P	E	0.037	-1.31	2.576	0.189	2.081	-1.628	0.421	-1.392	2.0	C	A	263	 	E	P	0.639		2.606	1.357	-1.453	1.477	0.113	-0.837			
9bce	A	175	 	R	H	0.383	-1.598	-0.208	1.538	-0.055	1.502	0.44	2.897	12.0	M	A	215	 	Q	E	0.389	-1.316	2.201	0.931	-0.179	-3.005	-0.503	-1.853	6.0	G	HBOND
9bce	A	175	 	R	H	0.383	-1.598	-0.208	1.538	-0.055	1.502	0.44	2.897	12.0	M	A	215	 	Q	E	0.389	-1.316	2.201	0.931	-0.179	-3.005	-0.503	-1.853	6.0	G	VDW
9bce	A	143	 	I	E	0.03	-1.507	2.242	-1.239	-0.547	2.131	0.393	0.816	8.0	I	A	268	 	Y	E	0.171	-1.968	2.633	0.26	0.83	3.097	-0.838	1.512	7.0	H	
9bce	A	194	 	T	-	0.275	-1.699	-2.894	-0.032	0.326	2.213	0.908	1.313	2.0	C	A	219	 	R	E	0.073	-2.127	2.337	1.538	-0.055	1.502	0.44	2.897	19.0	T	
9bce	B	103	 	S	-	0.2	-1.239	2.178	-0.228	1.399	-4.76	0.67	-2.647	2.0	C	B	106	 	L	H	0.146	-1.136	-0.809	-1.019	-0.987	-1.505	1.266	-0.912	9.0	J	HBOND
9bce	B	103	 	S	-	0.2	-1.239	2.178	-0.228	1.399	-4.76	0.67	-2.647	2.0	C	B	106	 	L	H	0.146	-1.136	-0.809	-1.019	-0.987	-1.505	1.266	-0.912	9.0	J	VDW
9bce	A	109	 	N	H	0.338	-1.14	-0.752	0.945	0.828	1.299	-0.169	0.933	17.0	R	A	113	 	G	H	0.083	-1.088	-0.701	-0.384	1.652	1.33	1.045	2.064	17.0	R	HBOND
9bce	A	109	 	N	H	0.338	-1.14	-0.752	0.945	0.828	1.299	-0.169	0.933	17.0	R	A	113	 	G	H	0.083	-1.088	-0.701	-0.384	1.652	1.33	1.045	2.064	17.0	R	VDW
9bce	A	279	 	T	H	0.437	-1.049	-0.994	-0.032	0.326	2.213	0.908	1.313	12.0	M	A	282	 	S	H	0.254	-1.114	-0.663	-0.228	1.399	-4.76	0.67	-2.647	17.0	R	
9bce	A	181	 	P	G	0.147	-1.011	-0.597	0.189	2.081	-1.628	0.421	-1.392			A	260	 	W	S	0.26	-2.15	1.236	-0.595	0.009	0.672	-2.128	-0.184	16.0	Q	VDW
9bce	A	113	 	G	H	0.083	-1.088	-0.701	-0.384	1.652	1.33	1.045	2.064	17.0	R	A	117	 	L	H	0.561	-1.323	-0.619	-1.019	-0.987	-1.505	1.266	-0.912			HBOND
9bce	A	113	 	G	H	0.083	-1.088	-0.701	-0.384	1.652	1.33	1.045	2.064	17.0	R	A	117	 	L	H	0.561	-1.323	-0.619	-1.019	-0.987	-1.505	1.266	-0.912			VDW
9bce	A	91	 	S	-	0.385	-2.858	2.879	-0.228	1.399	-4.76	0.67	-2.647	0.0	A	A	120	 	N	T	0.713	-1.85	0.331	0.945	0.828	1.299	-0.169	0.933	6.0	G	VDW
9bce	A	295	 	Q	-	0.278	-2.134	1.841	0.931	-0.179	-3.005	-0.503	-1.853	2.0	C	A	299	 	Q	H	0.283	-1.102	-0.462	0.931	-0.179	-3.005	-0.503	-1.853	15.0	P	HBOND
9bce	B	201	 	W	E	0.009	-2.065	2.218	-0.595	0.009	0.672	-2.128	-0.184	2.0	C	B	214	 	F	-	0.046	-2.823	2.931	-1.006	-0.59	1.891	-0.397	0.412	6.0	G	PIPISTACK
9bce	B	201	 	W	E	0.009	-2.065	2.218	-0.595	0.009	0.672	-2.128	-0.184	2.0	C	B	214	 	F	-	0.046	-2.823	2.931	-1.006	-0.59	1.891	-0.397	0.412	6.0	G	VDW
9bce	A	105	 	E	H	0.624	-1.075	-0.748	1.357	-1.453	1.477	0.113	-0.837	17.0	R	A	108	 	A	H	0.019	-1.049	-0.776	-0.591	-1.302	-0.733	1.57	-0.146	17.0	R	
9bce	A	125	 	V	E	0.0	-2.075	2.15	-1.337	-0.279	-0.544	1.242	-1.262	19.0	T	B	220	 	V	E	0.0	-2.739	2.651	-1.337	-0.279	-0.544	1.242	-1.262	19.0	T	
9bce	B	129	 	D	-	0.374	-1.738	0.152	1.05	0.302	-3.656	-0.259	-3.242	12.0	M	B	221	 	N	S	0.032	-1.772	0.514	0.945	0.828	1.299	-0.169	0.933	11.0	L	HBOND
9bce	A	97	 	A	E	0.038	-1.803	2.396	-0.591	-1.302	-0.733	1.57	-0.146	3.0	D	A	142	 	A	E	0.019	-2.061	2.335	-0.591	-1.302	-0.733	1.57	-0.146	19.0	T	
9bce	A	108	 	A	H	0.019	-1.049	-0.776	-0.591	-1.302	-0.733	1.57	-0.146	17.0	R	A	112	 	S	H	0.031	-1.038	-0.84	-0.228	1.399	-4.76	0.67	-2.647	17.0	R	HBOND
9bce	A	96	 	I	E	0.0	-2.281	2.222	-1.239	-0.547	2.131	0.393	0.816	3.0	D	A	125	 	V	E	0.0	-2.075	2.15	-1.337	-0.279	-0.544	1.242	-1.262	19.0	T	
9bce	A	94	 	L	E	0.012	-2.23	2.304	-1.019	-0.987	-1.505	1.266	-0.912	0.0	A	A	122	 	E	E	0.402	-1.793	2.315	1.357	-1.453	1.477	0.113	-0.837	2.0	C	HBOND
9bce	B	227	 	K	H	0.229	-1.146	-0.793	1.831	-0.561	0.533	-0.277	1.648	17.0	R	B	230	 	A	H	0.0	-1.077	-0.805	-0.591	-1.302	-0.733	1.57	-0.146	14.0	O	
9bce	B	180	 	T	S	0.352	-2.508	2.829	-0.032	0.326	2.213	0.908	1.313	13.0	N	B	183	 	E	G	0.294	-1.305	-0.186	1.357	-1.453	1.477	0.113	-0.837	17.0	R	HBOND
9bce	B	180	 	T	S	0.352	-2.508	2.829	-0.032	0.326	2.213	0.908	1.313	13.0	N	B	183	 	E	G	0.294	-1.305	-0.186	1.357	-1.453	1.477	0.113	-0.837	17.0	R	VDW
9bce	B	99	 	P	-	0.103	-1.011	2.613	0.189	2.081	-1.628	0.421	-1.392	0.0	A	B	128	 	T	-	0.169	-2.736	2.573	-0.032	0.326	2.213	0.908	1.313	2.0	C	
9bce	B	227	 	K	H	0.229	-1.146	-0.793	1.831	-0.561	0.533	-0.277	1.648	17.0	R	B	244	 	C	T	0.022	-2.366	0.562	-1.343	0.465	-0.862	-1.02	-0.255	1.0	B	
9bce	A	98	 	I	E	0.012	-2.433	2.389	-1.239	-0.547	2.131	0.393	0.816	3.0	D	A	127	 	F	E	0.0	-1.457	1.984	-1.006	-0.59	1.891	-0.397	0.412	6.0	G	
9bce	B	143	 	I	E	0.03	-1.512	2.21	-1.239	-0.547	2.131	0.393	0.816	8.0	I	B	268	 	Y	E	0.167	-2.154	2.721	0.26	0.83	3.097	-0.838	1.512	10.0	K	
9bce	B	187	 	H	S	0.06	-2.113	2.689	0.336	-0.417	-1.673	-1.474	-0.078	18.0	S	B	215	 	Q	E	0.399	-1.311	2.126	0.931	-0.179	-3.005	-0.503	-1.853	6.0	G	HBOND
9bce	A	287	 	F	H	0.076	-1.096	-0.74	-1.006	-0.59	1.891	-0.397	0.412	15.0	P	A	291	 	R	H	0.339	-1.332	-0.745	1.538	-0.055	1.502	0.44	2.897	17.0	R	HBOND
9bce	A	287	 	F	H	0.076	-1.096	-0.74	-1.006	-0.59	1.891	-0.397	0.412	15.0	P	A	291	 	R	H	0.339	-1.332	-0.745	1.538	-0.055	1.502	0.44	2.897	17.0	R	VDW
9bce	A	281	 	I	H	0.024	-1.085	-0.907	-1.239	-0.547	2.131	0.393	0.816	17.0	R	A	284	 	F	H	0.015	-1.173	-0.841	-1.006	-0.59	1.891	-0.397	0.412	15.0	P	
9bce	A	100	 	V	T	0.007	-1.12	-0.439	-1.337	-0.279	-0.544	1.242	-1.262	9.0	J	B	104	 	Q	H	0.045	-1.19	-0.616	0.931	-0.179	-3.005	-0.503	-1.853	12.0	M	HBOND
9bce	B	224	 	I	H	0.42	-1.037		-1.239	-0.547	2.131	0.393	0.816			B	228	 	Q	H	0.369	-1.053	-0.733	0.931	-0.179	-3.005	-0.503	-1.853	17.0	R	HBOND
9bce	B	224	 	I	H	0.42	-1.037		-1.239	-0.547	2.131	0.393	0.816			B	228	 	Q	H	0.369	-1.053	-0.733	0.931	-0.179	-3.005	-0.503	-1.853	17.0	R	VDW
9bce	A	154	 	V	E	0.218	-1.836	2.455	-1.337	-0.279	-0.544	1.242	-1.262	2.0	C	A	273	 	S	S	0.477	-1.155	-0.729	-0.228	1.399	-4.76	0.67	-2.647	12.0	M	
9bce	B	96	 	I	E	0.0	-2.241	2.287	-1.239	-0.547	2.131	0.393	0.816	3.0	D	B	141	 	I	E	0.0	-2.332	2.388	-1.239	-0.547	2.131	0.393	0.816	8.0	I	VDW
9bce	B	189	 	G	E	0.0	-2.055	2.666	-0.384	1.652	1.33	1.045	2.064			B	217	 	K	E	0.146	-1.124	-0.745	1.831	-0.561	0.533	-0.277	1.648	12.0	M	HBOND
9bce	B	165	 	L	E	0.018	-1.522	2.302	-1.019	-0.987	-1.505	1.266	-0.912	8.0	I	B	237	 	A	E	0.0	-2.399		-0.591	-1.302	-0.733	1.57	-0.146			
9bce	A	289	 	V	H	0.352	-1.205	-0.736	-1.337	-0.279	-0.544	1.242	-1.262	11.0	L	A	293	 	S	H	0.577	-1.281	-0.227	-0.228	1.399	-4.76	0.67	-2.647	17.0	R	HBOND
9bce	A	227	 	K	H	0.22	-0.964	-0.881	1.831	-0.561	0.533	-0.277	1.648	17.0	R	A	230	 	A	H	0.0	-1.094	-0.797	-0.591	-1.302	-0.733	1.57	-0.146	14.0	O	
9bce	A	242	 	S	T	0.146	-1.471	-0.789	-0.228	1.399	-4.76	0.67	-2.647	9.0	J	A	245	 	K	H	0.639	-0.979	-0.828	1.831	-0.561	0.533	-0.277	1.648	17.0	R	HBOND
9bce	B	91	 	S	-	0.538	-2.71	-2.892	-0.228	1.399	-4.76	0.67	-2.647	0.0	A	B	280	 	N	H	0.083	-1.23	-0.628	0.945	0.828	1.299	-0.169	0.933	17.0	R	HBOND
9bce	A	199	 	P	S	0.301	-1.466	1.188	0.189	2.081	-1.628	0.421	-1.392	13.0	N	A	214	 	F	-	0.056	-2.485	2.967	-1.006	-0.59	1.891	-0.397	0.412	6.0	G	HBOND
9bce	A	199	 	P	S	0.301	-1.466	1.188	0.189	2.081	-1.628	0.421	-1.392	13.0	N	A	214	 	F	-	0.056	-2.485	2.967	-1.006	-0.59	1.891	-0.397	0.412	6.0	G	VDW
9bce	A	163	 	P	E	0.037	-1.31	2.576	0.189	2.081	-1.628	0.421	-1.392	2.0	C	A	239	 	L	E	0.073		2.598	-1.019	-0.987	-1.505	1.266	-0.912			
9bce	A	201	 	W	E	0.009	-2.058	2.326	-0.595	0.009	0.672	-2.128	-0.184	2.0	C	A	214	 	F	-	0.056	-2.485	2.967	-1.006	-0.59	1.891	-0.397	0.412	6.0	G	PIPISTACK
9bce	A	201	 	W	E	0.009	-2.058	2.326	-0.595	0.009	0.672	-2.128	-0.184	2.0	C	A	214	 	F	-	0.056	-2.485	2.967	-1.006	-0.59	1.891	-0.397	0.412	6.0	G	VDW
9bce	B	95	 	R	E	0.129	-2.017	2.099	1.538	-0.055	1.502	0.44	2.897	3.0	D	B	138	 	G	-	0.679	1.31	0.419	-0.384	1.652	1.33	1.045	2.064	12.0	M	VDW
9bce	A	217	 	K	E	0.146	-1.158	-0.704	1.831	-0.561	0.533	-0.277	1.648	12.0	M	B	122	 	E	E	0.392	-1.709	2.448	1.357	-1.453	1.477	0.113	-0.837	6.0	G	
9bce	B	193	 	G	-	0.095	-3.046	2.871	-0.384	1.652	1.33	1.045	2.064	2.0	C	B	220	 	V	E	0.0	-2.739	2.651	-1.337	-0.279	-0.544	1.242	-1.262	19.0	T	HBOND
9bce	A	104	 	Q	H	0.051	-1.211	-0.615	0.931	-0.179	-3.005	-0.503	-1.853	12.0	M	B	222	 	S	-	0.0	-2.212	1.965	-0.228	1.399	-4.76	0.67	-2.647	19.0	T	
9bce	A	145	 	Y	E	0.333	-1.458	2.619	0.26	0.83	3.097	-0.838	1.512	8.0	I	A	266	 	K	E	0.254	-2.156	2.422	1.831	-0.561	0.533	-0.277	1.648	7.0	H	
9bce	B	126	 	Q	E	0.025	-2.114	2.019	0.931	-0.179	-3.005	-0.503	-1.853	2.0	C	B	139	 	Y	-	0.099	-1.517	2.453	0.26	0.83	3.097	-0.838	1.512	6.0	G	
9bce	A	189	 	G	E	0.0	-2.043	2.626	-0.384	1.652	1.33	1.045	2.064			A	217	 	K	E	0.146	-1.158	-0.704	1.831	-0.561	0.533	-0.277	1.648	12.0	M	HBOND
9bce	B	247	 	E	H	0.186	-1.126	-0.579	1.357	-1.453	1.477	0.113	-0.837	1.0	B	B	252	 	Q	S	0.455	-1.232	-0.338	0.931	-0.179	-3.005	-0.503	-1.853	14.0	O	HBOND
9bce	B	141	 	I	E	0.0	-2.332	2.388	-1.239	-0.547	2.131	0.393	0.816	8.0	I	B	270	 	V	E	0.12	-1.88	2.384	-1.337	-0.279	-0.544	1.242	-1.262	5.0	F	
9bce	A	146	 	G	S	0.345	-1.091	2.834	-0.384	1.652	1.33	1.045	2.064	2.0	C	A	266	 	K	E	0.254	-2.156	2.422	1.831	-0.561	0.533	-0.277	1.648	7.0	H	HBOND
9bce	A	170	 	G	H	0.321	-1.119	-0.717	-0.384	1.652	1.33	1.045	2.064	17.0	R	A	174	 	T	H	0.817	-1.743	-0.668	-0.032	0.326	2.213	0.908	1.313	12.0	M	VDW
9bce	A	240	 	S	E	0.085	-1.185	2.328	-0.228	1.399	-4.76	0.67	-2.647	16.0	Q	A	244	 	C	T	0.007	-2.209	0.29	-1.343	0.465	-0.862	-1.02	-0.255	1.0	B	VDW
9bce	A	185	 	S	G	0.485	-1.166	-0.224	-0.228	1.399	-4.76	0.67	-2.647	13.0	N	A	215	 	Q	E	0.389	-1.316	2.201	0.931	-0.179	-3.005	-0.503	-1.853	6.0	G	
9bce	B	94	 	L	E	0.0	-2.094	2.278	-1.019	-0.987	-1.505	1.266	-0.912	0.0	A	B	122	 	E	E	0.392	-1.709	2.448	1.357	-1.453	1.477	0.113	-0.837	6.0	G	HBOND
9bce	A	247	 	E	H	0.18	-1.206	-0.557	1.357	-1.453	1.477	0.113	-0.837	1.0	B	A	250	 	N	T	0.529	-1.663	0.05	0.945	0.828	1.299	-0.169	0.933	17.0	R	VDW
9bce	B	245	 	K	H	0.741	-1.154	-0.681	1.831	-0.561	0.533	-0.277	1.648	17.0	R	B	248	 	L	H	0.22	-1.193	-0.724	-1.019	-0.987	-1.505	1.266	-0.912	12.0	M	
9bce	A	197	 	S	-	0.285	-1.336	2.274	-0.228	1.399	-4.76	0.67	-2.647	2.0	C	A	219	 	R	E	0.073	-2.127	2.337	1.538	-0.055	1.502	0.44	2.897	19.0	T	HBOND
9bce	A	200	 	I	E	0.213	-2.365	2.535	-1.239	-0.547	2.131	0.393	0.816	2.0	C	A	212	 	V	E	0.113		2.051	-1.337	-0.279	-0.544	1.242	-1.262			
9bce	B	240	 	S	E	0.131	-1.273	2.341	-0.228	1.399	-4.76	0.67	-2.647	16.0	Q	B	243	 	A	T	0.255	-1.329	-0.264	-0.591	-1.302	-0.733	1.57	-0.146	13.0	N	HBOND
9bce	B	240	 	S	E	0.131	-1.273	2.341	-0.228	1.399	-4.76	0.67	-2.647	16.0	Q	B	243	 	A	T	0.255	-1.329	-0.264	-0.591	-1.302	-0.733	1.57	-0.146	13.0	N	VDW
9bce	A	201	 	W	E	0.009	-2.058	2.326	-0.595	0.009	0.672	-2.128	-0.184	2.0	C	A	212	 	V	E	0.113		2.051	-1.337	-0.279	-0.544	1.242	-1.262			HBOND
9bce	B	199	 	P	S	0.235	-1.436	1.197	0.189	2.081	-1.628	0.421	-1.392	13.0	N	B	213	 	S	E	0.4	-1.783	-3.103	-0.228	1.399	-4.76	0.67	-2.647	5.0	F	VDW
9bce	B	281	 	I	H	0.006	-1.111	-0.846	-1.239	-0.547	2.131	0.393	0.816	17.0	R	B	284	 	F	H	0.005	-1.127	-0.818	-1.006	-0.59	1.891	-0.397	0.412	15.0	P	
9bce	B	107	 	I	H	0.006	-1.151	-0.597	-1.239	-0.547	2.131	0.393	0.816	17.0	R	B	111	 	C	H	0.0	-1.159	-0.597	-1.343	0.465	-0.862	-1.02	-0.255			HBOND
9bce	A	286	 	D	H	0.497	-1.341	-0.574	1.05	0.302	-3.656	-0.259	-3.242	17.0	R	A	289	 	V	H	0.352	-1.205	-0.736	-1.337	-0.279	-0.544	1.242	-1.262	11.0	L	
9bce	A	134	 	L	-	0.098	-2.022	0.274	-1.019	-0.987	-1.505	1.266	-0.912	4.0	E	A	275	 	R	-	0.206	-2.028	2.089	1.538	-0.055	1.502	0.44	2.897	2.0	C	
9bce	B	140	 	D	S	0.104	-1.439	-0.653	1.05	0.302	-3.656	-0.259	-3.242	13.0	N	B	271	 	Y	-	0.234	-2.607	2.861	0.26	0.83	3.097	-0.838	1.512	5.0	F	
9bce	B	145	 	Y	E	0.347	-1.398	2.577	0.26	0.83	3.097	-0.838	1.512	8.0	I	B	266	 	K	E	0.454	-2.028	2.528	1.831	-0.561	0.533	-0.277	1.648	7.0	H	
9bce	B	140	 	D	S	0.104	-1.439	-0.653	1.05	0.302	-3.656	-0.259	-3.242	13.0	N	B	275	 	R	G	0.407	-1.891	0.426	1.538	-0.055	1.502	0.44	2.897	1.0	B	HBOND
9bce	B	96	 	I	E	0.0	-2.241	2.287	-1.239	-0.547	2.131	0.393	0.816	3.0	D	B	124	 	D	E	0.012	-2.304	1.765	1.05	0.302	-3.656	-0.259	-3.242	6.0	G	HBOND
9bce	A	188	 	S	E	0.077	-1.332	2.269	-0.228	1.399	-4.76	0.67	-2.647	3.0	D	A	236	 	I	E	0.006	-1.489	2.487	-1.239	-0.547	2.131	0.393	0.816	10.0	K	HBOND
9bce	B	282	 	S	H	0.438	-1.058	-0.75	-0.228	1.399	-4.76	0.67	-2.647	17.0	R	B	285	 	L	H	0.012	-1.178	-0.626	-1.019	-0.987	-1.505	1.266	-0.912	15.0	P	
9bce	B	170	 	G	H	0.333	-1.114	-0.751	-0.384	1.652	1.33	1.045	2.064	17.0	R	B	174	 	T	H	0.817	-1.346	-0.741	-0.032	0.326	2.213	0.908	1.313	17.0	R	HBOND
9bce	A	114	 	F	H	0.0	-1.089		-1.006	-0.59	1.891	-0.397	0.412			A	287	 	F	H	0.076	-1.096	-0.74	-1.006	-0.59	1.891	-0.397	0.412	15.0	P	PIPISTACK
9bce	B	183	 	E	G	0.294	-1.305	-0.186	1.357	-1.453	1.477	0.113	-0.837	17.0	R	B	186	 	D	G	0.669	-1.703	0.237	1.05	0.302	-3.656	-0.259	-3.242	0.0	A	HBOND
9bce	A	227	 	K	H	0.22	-0.964	-0.881	1.831	-0.561	0.533	-0.277	1.648	17.0	R	A	247	 	E	H	0.18	-1.206	-0.557	1.357	-1.453	1.477	0.113	-0.837	1.0	B	IONIC
9bce	A	227	 	K	H	0.22	-0.964	-0.881	1.831	-0.561	0.533	-0.277	1.648	17.0	R	A	247	 	E	H	0.18	-1.206	-0.557	1.357	-1.453	1.477	0.113	-0.837	1.0	B	HBOND
9bce	B	168	 	S	-	0.008	-1.319	2.738	-0.228	1.399	-4.76	0.67	-2.647	4.0	E	B	233	 	D	T	0.448	1.362	0.35	1.05	0.302	-3.656	-0.259	-3.242	11.0	L	HBOND
9bce	B	168	 	S	-	0.008	-1.319	2.738	-0.228	1.399	-4.76	0.67	-2.647	4.0	E	B	233	 	D	T	0.448	1.362	0.35	1.05	0.302	-3.656	-0.259	-3.242	11.0	L	VDW
9bce	B	200	 	I	E	0.491	-2.262	2.257	-1.239	-0.547	2.131	0.393	0.816	2.0	C	B	212	 	V	E	0.127		2.728	-1.337	-0.279	-0.544	1.242	-1.262			
9bce	B	279	 	T	H	0.599	-1.282	-0.513	-0.032	0.326	2.213	0.908	1.313	12.0	M	B	282	 	S	H	0.438	-1.058	-0.75	-0.228	1.399	-4.76	0.67	-2.647	17.0	R	
9bce	A	142	 	A	E	0.019	-2.061	2.335	-0.591	-1.302	-0.733	1.57	-0.146	19.0	T	A	270	 	V	E	0.0	-2.142	2.608	-1.337	-0.279	-0.544	1.242	-1.262	10.0	K	HBOND
9bce	A	142	 	A	E	0.019	-2.061	2.335	-0.591	-1.302	-0.733	1.57	-0.146	19.0	T	A	270	 	V	E	0.0	-2.142	2.608	-1.337	-0.279	-0.544	1.242	-1.262	10.0	K	VDW
9bce	B	194	 	T	-	0.352	-1.665	-2.935	-0.032	0.326	2.213	0.908	1.313	2.0	C	B	219	 	R	E	0.069	-2.071	2.355	1.538	-0.055	1.502	0.44	2.897	19.0	T	
9bce	A	209	 	K	-	0.229	-1.761	2.591	1.831	-0.561	0.533	-0.277	1.648	16.0	Q	A	261	 	P	P	0.412	-1.216		0.189	2.081	-1.628	0.421	-1.392			HBOND
9bce	A	209	 	K	-	0.229	-1.761	2.591	1.831	-0.561	0.533	-0.277	1.648	16.0	Q	A	261	 	P	P	0.412	-1.216		0.189	2.081	-1.628	0.421	-1.392			VDW
9bce	B	97	 	A	E	0.028	-1.793	2.368	-0.591	-1.302	-0.733	1.57	-0.146	3.0	D	B	143	 	I	E	0.03	-1.512	2.21	-1.239	-0.547	2.131	0.393	0.816	8.0	I	HBOND
9bce	B	161	 	R	E	0.113	-2.411	2.656	1.538	-0.055	1.502	0.44	2.897	4.0	E	B	292	 	F	T	0.01	-1.364	0.104	-1.006	-0.59	1.891	-0.397	0.412	1.0	B	HBOND
9bce	B	161	 	R	E	0.113	-2.411	2.656	1.538	-0.055	1.502	0.44	2.897	4.0	E	B	292	 	F	T	0.01	-1.364	0.104	-1.006	-0.59	1.891	-0.397	0.412	1.0	B	VDW
9bce	A	168	 	S	-	0.015	-1.346	2.731	-0.228	1.399	-4.76	0.67	-2.647	4.0	E	A	172	 	L	H	0.104	-1.155	-0.582	-1.019	-0.987	-1.505	1.266	-0.912	1.0	B	HBOND
9bce	A	106	 	L	H	0.0	-1.112	-0.815	-1.019	-0.987	-1.505	1.266	-0.912	9.0	J	A	109	 	N	H	0.338	-1.14	-0.752	0.945	0.828	1.299	-0.169	0.933	17.0	R	VDW
9bce	A	245	 	K	H	0.639	-0.979	-0.828	1.831	-0.561	0.533	-0.277	1.648	17.0	R	A	248	 	L	H	0.274	-1.22	-0.768	-1.019	-0.987	-1.505	1.266	-0.912	12.0	M	
9bce	A	245	 	K	H	0.639	-0.979	-0.828	1.831	-0.561	0.533	-0.277	1.648	17.0	R	A	249	 	A	H	0.858	-1.092	-0.693	-0.591	-1.302	-0.733	1.57	-0.146	17.0	R	HBOND
9bce	A	109	 	N	H	0.338	-1.14	-0.752	0.945	0.828	1.299	-0.169	0.933	17.0	R	A	298	 	L	H	0.03	-1.505	-0.577	-1.019	-0.987	-1.505	1.266	-0.912	15.0	P	
9bce	A	247	 	E	H	0.18	-1.206	-0.557	1.357	-1.453	1.477	0.113	-0.837	1.0	B	A	253	 	L	S	0.012	-2.317	2.519	-1.019	-0.987	-1.505	1.266	-0.912	10.0	K	HBOND
9bce	B	188	 	S	E	0.085	-1.395	2.259	-0.228	1.399	-4.76	0.67	-2.647	3.0	D	B	235	 	G	-	0.0	2.612	-2.874	-0.384	1.652	1.33	1.045	2.064	16.0	Q	VDW
9bce	B	95	 	R	E	0.129	-2.017	2.099	1.538	-0.055	1.502	0.44	2.897	3.0	D	B	139	 	Y	-	0.099	-1.517	2.453	0.26	0.83	3.097	-0.838	1.512	6.0	G	PICATION
9bce	B	95	 	R	E	0.129	-2.017	2.099	1.538	-0.055	1.502	0.44	2.897	3.0	D	B	139	 	Y	-	0.099	-1.517	2.453	0.26	0.83	3.097	-0.838	1.512	6.0	G	VDW
9bce	B	222	 	S	-	0.0	-2.212	1.965	-0.228	1.399	-4.76	0.67	-2.647	19.0	T	B	226	 	V	H	0.014		-0.829	-1.337	-0.279	-0.544	1.242	-1.262			
9bce	A	166	 	V	E	0.0	-2.431	2.812	-1.337	-0.279	-0.544	1.242	-1.262	8.0	I	A	254	 	V	E	0.359	-2.216	2.203	-1.337	-0.279	-0.544	1.242	-1.262	2.0	C	VDW
9bce	A	89	 	D	-	0.994		2.359	1.05	0.302	-3.656	-0.259	-3.242			A	279	 	T	H	0.437	-1.049	-0.994	-0.032	0.326	2.213	0.908	1.313	12.0	M	
9bce	A	279	 	T	H	0.437	-1.049	-0.994	-0.032	0.326	2.213	0.908	1.313	12.0	M	A	283	 	A	H	0.123	-1.05	-0.742	-0.591	-1.302	-0.733	1.57	-0.146			HBOND
9bce	B	97	 	A	E	0.028	-1.793	2.368	-0.591	-1.302	-0.733	1.57	-0.146	3.0	D	B	141	 	I	E	0.0	-2.332	2.388	-1.239	-0.547	2.131	0.393	0.816	8.0	I	HBOND
9bce	B	247	 	E	H	0.186	-1.126	-0.579	1.357	-1.453	1.477	0.113	-0.837	1.0	B	B	253	 	L	S	0.012	-2.262	2.483	-1.019	-0.987	-1.505	1.266	-0.912	10.0	K	HBOND
9bce	B	114	 	F	H	0.0	-1.112		-1.006	-0.59	1.891	-0.397	0.412			B	287	 	F	H	0.091	-1.153	-0.667	-1.006	-0.59	1.891	-0.397	0.412	15.0	P	PIPISTACK
9bce	A	247	 	E	H	0.18	-1.206	-0.557	1.357	-1.453	1.477	0.113	-0.837	1.0	B	A	251	 	G	T	0.393	1.582	0.057	-0.384	1.652	1.33	1.045	2.064	14.0	O	
9bce	A	127	 	F	E	0.0	-1.457	1.984	-1.006	-0.59	1.891	-0.397	0.412	6.0	G	B	221	 	N	S	0.032	-1.772	0.514	0.945	0.828	1.299	-0.169	0.933	11.0	L	HBOND
9bce	A	127	 	F	E	0.0	-1.457	1.984	-1.006	-0.59	1.891	-0.397	0.412	6.0	G	B	221	 	N	S	0.032	-1.772	0.514	0.945	0.828	1.299	-0.169	0.933	11.0	L	VDW
9bce	A	94	 	L	E	0.012	-2.23	2.304	-1.019	-0.987	-1.505	1.266	-0.912	0.0	A	A	140	 	D	S	0.123	-1.461	-0.767	1.05	0.302	-3.656	-0.259	-3.242	4.0	E	
9bce	A	226	 	V	H	0.007		-0.919	-1.337	-0.279	-0.544	1.242	-1.262			A	229	 	L	H	0.0	-1.182	-0.639	-1.019	-0.987	-1.505	1.266	-0.912	17.0	R	
9bce	B	288	 	F	H	0.0	-1.088	-0.773	-1.006	-0.59	1.891	-0.397	0.412	15.0	P	B	291	 	R	H	0.093	-1.199	-0.826	1.538	-0.055	1.502	0.44	2.897	12.0	M	VDW
9bce	A	103	 	S	-	0.115	-1.027	2.05	-0.228	1.399	-4.76	0.67	-2.647	2.0	C	A	107	 	I	H	0.006	-1.104	-0.695	-1.239	-0.547	2.131	0.393	0.816	17.0	R	HBOND
9bce	A	278	 	A	-	0.264	-1.768	0.57	-0.591	-1.302	-0.733	1.57	-0.146	1.0	B	A	281	 	I	H	0.024	-1.085	-0.907	-1.239	-0.547	2.131	0.393	0.816	17.0	R	
9bce	B	246	 	T	H	0.669	-1.067	-0.887	-0.032	0.326	2.213	0.908	1.313	12.0	M	B	250	 	N	T	0.529	-1.663	0.09	0.945	0.828	1.299	-0.169	0.933	17.0	R	HBOND
9bce	B	110	 	L	H	0.012	-1.158	-0.831	-1.019	-0.987	-1.505	1.266	-0.912	9.0	J	B	287	 	F	H	0.091	-1.153	-0.667	-1.006	-0.59	1.891	-0.397	0.412	15.0	P	VDW
9bce	B	155	 	A	E	0.377	-2.607	2.778	-0.591	-1.302	-0.733	1.57	-0.146	8.0	I	B	269	 	G	E	0.0	-1.872	2.133	-0.384	1.652	1.33	1.045	2.064	10.0	K	
9bce	A	257	 	L	-	0.049	0.822	0.739	-1.019	-0.987	-1.505	1.266	-0.912	12.0	M	A	260	 	W	S	0.26	-2.15	1.236	-0.595	0.009	0.672	-2.128	-0.184	16.0	Q	HBOND
9bce	B	168	 	S	-	0.008	-1.319	2.738	-0.228	1.399	-4.76	0.67	-2.647	4.0	E	B	172	 	L	H	0.11	-1.144	-0.575	-1.019	-0.987	-1.505	1.266	-0.912	1.0	B	HBOND
9bce	A	284	 	F	H	0.015	-1.173	-0.841	-1.006	-0.59	1.891	-0.397	0.412	15.0	P	A	288	 	F	H	0.0	-0.916	-0.881	-1.006	-0.59	1.891	-0.397	0.412	15.0	P	PIPISTACK
9bce	A	284	 	F	H	0.015	-1.173	-0.841	-1.006	-0.59	1.891	-0.397	0.412	15.0	P	A	288	 	F	H	0.0	-0.916	-0.881	-1.006	-0.59	1.891	-0.397	0.412	15.0	P	HBOND
9bce	A	284	 	F	H	0.015	-1.173	-0.841	-1.006	-0.59	1.891	-0.397	0.412	15.0	P	A	288	 	F	H	0.0	-0.916	-0.881	-1.006	-0.59	1.891	-0.397	0.412	15.0	P	VDW
9bce	A	193	 	G	-	0.107	-3.053	2.929	-0.384	1.652	1.33	1.045	2.064	2.0	C	A	197	 	S	-	0.285	-1.336	2.274	-0.228	1.399	-4.76	0.67	-2.647	2.0	C	VDW
9bce	B	191	 	L	E	0.037	-1.578	2.203	-1.019	-0.987	-1.505	1.266	-0.912	0.0	A	B	219	 	R	E	0.069	-2.071	2.355	1.538	-0.055	1.502	0.44	2.897	19.0	T	VDW
9bce	A	95	 	R	E	0.161	-1.962	2.212	1.538	-0.055	1.502	0.44	2.897	3.0	D	A	140	 	D	S	0.123	-1.461	-0.767	1.05	0.302	-3.656	-0.259	-3.242	4.0	E	HBOND
9bce	A	95	 	R	E	0.161	-1.962	2.212	1.538	-0.055	1.502	0.44	2.897	3.0	D	A	140	 	D	S	0.123	-1.461	-0.767	1.05	0.302	-3.656	-0.259	-3.242	4.0	E	VDW
9bce	B	287	 	F	H	0.091	-1.153	-0.667	-1.006	-0.59	1.891	-0.397	0.412	15.0	P	B	290	 	K	H	0.332	-1.15	-0.621	1.831	-0.561	0.533	-0.277	1.648	1.0	B	PICATION
9bce	B	287	 	F	H	0.091	-1.153	-0.667	-1.006	-0.59	1.891	-0.397	0.412	15.0	P	B	290	 	K	H	0.332	-1.15	-0.621	1.831	-0.561	0.533	-0.277	1.648	1.0	B	VDW
9bce	A	92	 	G	E	0.464	1.769	-2.516	-0.384	1.652	1.33	1.045	2.064	3.0	D	A	120	 	N	T	0.713	-1.85	0.331	0.945	0.828	1.299	-0.169	0.933	6.0	G	HBOND
9bce	B	282	 	S	H	0.438	-1.058	-0.75	-0.228	1.399	-4.76	0.67	-2.647	17.0	R	B	286	 	D	H	0.521	-1.048	-0.793	1.05	0.302	-3.656	-0.259	-3.242	17.0	R	HBOND
9bce	B	282	 	S	H	0.438	-1.058	-0.75	-0.228	1.399	-4.76	0.67	-2.647	17.0	R	B	286	 	D	H	0.521	-1.048	-0.793	1.05	0.302	-3.656	-0.259	-3.242	17.0	R	VDW
9bce	A	202	 	P	E	0.404	-1.443	1.951	0.189	2.081	-1.628	0.421	-1.392	4.0	E	A	210	 	T	E	0.535	-2.148		-0.032	0.326	2.213	0.908	1.313			
9bce	A	206	 	G	S	0.536	-1.91	-2.624	-0.384	1.652	1.33	1.045	2.064	2.0	C	A	209	 	K	-	0.229	-1.761	2.591	1.831	-0.561	0.533	-0.277	1.648	16.0	Q	HBOND
9bce	A	222	 	S	-	0.0	-2.441	1.942	-0.228	1.399	-4.76	0.67	-2.647	19.0	T	B	104	 	Q	H	0.045	-1.19	-0.616	0.931	-0.179	-3.005	-0.503	-1.853	12.0	M	
9bce	A	192	 	L	E	0.317	-1.456	1.961	-1.019	-0.987	-1.505	1.266	-0.912	13.0	N	A	220	 	V	E	0.0	-2.718	2.605	-1.337	-0.279	-0.544	1.242	-1.262	19.0	T	
9bce	A	130	 	N	S	0.535	-1.27	2.757	0.945	0.828	1.299	-0.169	0.933	2.0	C	B	130	 	N	S	0.325	-1.076	2.505	0.945	0.828	1.299	-0.169	0.933	2.0	C	HBOND
9bce	B	289	 	V	H	0.232	-1.142	-0.711	-1.337	-0.279	-0.544	1.242	-1.262	11.0	L	B	292	 	F	T	0.01	-1.364	0.104	-1.006	-0.59	1.891	-0.397	0.412	1.0	B	
9bce	B	291	 	R	H	0.093	-1.199	-0.826	1.538	-0.055	1.502	0.44	2.897	12.0	M	B	297	 	S	T	0.038	-1.635	0.118	-0.228	1.399	-4.76	0.67	-2.647	15.0	P	VDW
9bce	A	292	 	F	H	0.036	-1.054	-0.815	-1.006	-0.59	1.891	-0.397	0.412	1.0	B	A	299	 	Q	H	0.283	-1.102	-0.462	0.931	-0.179	-3.005	-0.503	-1.853	15.0	P	HBOND
9bce	A	166	 	V	E	0.0	-2.431	2.812	-1.337	-0.279	-0.544	1.242	-1.262	8.0	I	A	236	 	I	E	0.006	-1.489	2.487	-1.239	-0.547	2.131	0.393	0.816	10.0	K	VDW
9bce	A	105	 	E	H	0.624	-1.075	-0.748	1.357	-1.453	1.477	0.113	-0.837	17.0	R	A	109	 	N	H	0.338	-1.14	-0.752	0.945	0.828	1.299	-0.169	0.933	17.0	R	HBOND
9bce	A	144	 	K	E	0.371	-2.43	2.485	1.831	-0.561	0.533	-0.277	1.648	2.0	C	A	268	 	Y	E	0.171	-1.968	2.633	0.26	0.83	3.097	-0.838	1.512	7.0	H	HBOND
9bce	B	129	 	D	-	0.374	-1.738	0.152	1.05	0.302	-3.656	-0.259	-3.242	12.0	M	B	194	 	T	-	0.352	-1.665	-2.935	-0.032	0.326	2.213	0.908	1.313	2.0	C	
9bce	A	182	 	K	G	0.902	-1.036	-0.557	1.831	-0.561	0.533	-0.277	1.648			A	185	 	S	G	0.485	-1.166	-0.224	-0.228	1.399	-4.76	0.67	-2.647	13.0	N	
9bce	B	108	 	A	H	0.009	-1.055	-0.823	-0.591	-1.302	-0.733	1.57	-0.146	17.0	R	B	111	 	C	H	0.0	-1.159	-0.597	-1.343	0.465	-0.862	-1.02	-0.255			
9bce	A	272	 	S	E	0.008	-1.359	2.415	-0.228	1.399	-4.76	0.67	-2.647	5.0	F	A	275	 	R	-	0.206	-2.028	2.089	1.538	-0.055	1.502	0.44	2.897	2.0	C	VDW
9bce	A	95	 	R	E	0.161	-1.962	2.212	1.538	-0.055	1.502	0.44	2.897	3.0	D	A	137	 	E	T	0.943	-1.391	0.027	1.357	-1.453	1.477	0.113	-0.837	12.0	M	HBOND
9bce	B	98	 	I	E	0.006	-2.392	2.292	-1.239	-0.547	2.131	0.393	0.816	3.0	D	B	126	 	Q	E	0.025	-2.114	2.019	0.931	-0.179	-3.005	-0.503	-1.853	2.0	C	HBOND
9bce	B	175	 	R	H	0.363	-1.857	-0.106	1.538	-0.055	1.502	0.44	2.897	13.0	N	B	187	 	H	S	0.06	-2.113	2.689	0.336	-0.417	-1.673	-1.474	-0.078	18.0	S	VDW
9bce	B	257	 	L	-	0.061	0.861	0.716	-1.019	-0.987	-1.505	1.266	-0.912	12.0	M	B	260	 	W	S	0.145	-2.107	1.27	-0.595	0.009	0.672	-2.128	-0.184	16.0	Q	HBOND
9bce	A	169	 	P	H	0.456	-0.962	-0.633	0.189	2.081	-1.628	0.421	-1.392	12.0	M	A	251	 	G	T	0.393	1.582	0.057	-0.384	1.652	1.33	1.045	2.064	14.0	O	
9bce	A	227	 	K	H	0.22	-0.964	-0.881	1.831	-0.561	0.533	-0.277	1.648	17.0	R	A	244	 	C	T	0.007	-2.209	0.29	-1.343	0.465	-0.862	-1.02	-0.255	1.0	B	
9bce	A	193	 	G	-	0.107	-3.053	2.929	-0.384	1.652	1.33	1.045	2.064	2.0	C	A	221	 	N	S	0.032	-1.681	0.703	0.945	0.828	1.299	-0.169	0.933	11.0	L	VDW
9bce	A	94	 	L	E	0.012	-2.23	2.304	-1.019	-0.987	-1.505	1.266	-0.912	0.0	A	A	123	 	L	E	0.006	-1.859	2.517	-1.019	-0.987	-1.505	1.266	-0.912	19.0	T	
9bce	B	287	 	F	H	0.091	-1.153	-0.667	-1.006	-0.59	1.891	-0.397	0.412	15.0	P	B	291	 	R	H	0.093	-1.199	-0.826	1.538	-0.055	1.502	0.44	2.897	12.0	M	HBOND
9bce	B	287	 	F	H	0.091	-1.153	-0.667	-1.006	-0.59	1.891	-0.397	0.412	15.0	P	B	291	 	R	H	0.093	-1.199	-0.826	1.538	-0.055	1.502	0.44	2.897	12.0	M	VDW
9bce	A	94	 	L	E	0.012	-2.23	2.304	-1.019	-0.987	-1.505	1.266	-0.912	0.0	A	A	124	 	D	E	0.012	-2.247	1.894	1.05	0.302	-3.656	-0.259	-3.242	6.0	G	HBOND
9bce	B	108	 	A	H	0.009	-1.055	-0.823	-0.591	-1.302	-0.733	1.57	-0.146	17.0	R	B	112	 	S	H	0.008	-1.056	-0.838	-0.228	1.399	-4.76	0.67	-2.647	17.0	R	HBOND
9bce	A	244	 	C	T	0.007	-2.209	0.29	-1.343	0.465	-0.862	-1.02	-0.255	1.0	B	A	247	 	E	H	0.18	-1.206	-0.557	1.357	-1.453	1.477	0.113	-0.837	1.0	B	
9bce	B	94	 	L	E	0.0	-2.094	2.278	-1.019	-0.987	-1.505	1.266	-0.912	0.0	A	B	140	 	D	S	0.104	-1.439	-0.653	1.05	0.302	-3.656	-0.259	-3.242	13.0	N	VDW
9bce	A	110	 	L	H	0.012	-1.196	-0.668	-1.019	-0.987	-1.505	1.266	-0.912	9.0	J	A	113	 	G	H	0.083	-1.088	-0.701	-0.384	1.652	1.33	1.045	2.064	17.0	R	
9bce	B	286	 	D	H	0.521	-1.048	-0.793	1.05	0.302	-3.656	-0.259	-3.242	17.0	R	B	289	 	V	H	0.232	-1.142	-0.711	-1.337	-0.279	-0.544	1.242	-1.262	11.0	L	
9bce	B	184	 	L	G	0.006	-1.107	-0.368	-1.019	-0.987	-1.505	1.266	-0.912	13.0	N	B	213	 	S	E	0.4	-1.783	-3.103	-0.228	1.399	-4.76	0.67	-2.647	5.0	F	
9bce	A	123	 	L	E	0.006	-1.859	2.517	-1.019	-0.987	-1.505	1.266	-0.912	19.0	T	B	219	 	R	E	0.069	-2.071	2.355	1.538	-0.055	1.502	0.44	2.897	19.0	T	HBOND
9bce	B	159	 	F	E	0.086	-2.899	3.002	-1.006	-0.59	1.891	-0.397	0.412	2.0	C	B	267	 	V	E	0.0	-2.047	2.314	-1.337	-0.279	-0.544	1.242	-1.262	10.0	K	HBOND
9bce	B	162	 	Q	-	0.338	-1.903	1.885	0.931	-0.179	-3.005	-0.503	-1.853			B	264	 	P	P	0.272	-1.104	2.65	0.189	2.081	-1.628	0.421	-1.392	10.0	K	
9bce	A	191	 	L	E	0.037	-1.55	2.202	-1.019	-0.987	-1.505	1.266	-0.912	0.0	A	A	219	 	R	E	0.073	-2.127	2.337	1.538	-0.055	1.502	0.44	2.897	19.0	T	VDW
9bce	A	169	 	P	H	0.456	-0.962	-0.633	0.189	2.081	-1.628	0.421	-1.392	12.0	M	A	172	 	L	H	0.104	-1.155	-0.582	-1.019	-0.987	-1.505	1.266	-0.912	1.0	B	
9bce	A	122	 	E	E	0.402	-1.793	2.315	1.357	-1.453	1.477	0.113	-0.837	2.0	C	B	217	 	K	E	0.146	-1.124	-0.745	1.831	-0.561	0.533	-0.277	1.648	12.0	M	VDW
9bce	B	144	 	K	E	0.112	-2.423	2.575	1.831	-0.561	0.533	-0.277	1.648	2.0	C	B	268	 	Y	E	0.167	-2.154	2.721	0.26	0.83	3.097	-0.838	1.512	10.0	K	HBOND
9bce	A	153	 	L	E	0.317	-1.905	2.546	-1.019	-0.987	-1.505	1.266	-0.912	8.0	I	A	271	 	Y	E	0.081	-2.641	2.907	0.26	0.83	3.097	-0.838	1.512	6.0	G	
9bce	B	247	 	E	H	0.186	-1.126	-0.579	1.357	-1.453	1.477	0.113	-0.837	1.0	B	B	250	 	N	T	0.529	-1.663	0.09	0.945	0.828	1.299	-0.169	0.933	17.0	R	
9bce	A	95	 	R	E	0.161	-1.962	2.212	1.538	-0.055	1.502	0.44	2.897	3.0	D	A	124	 	D	E	0.012	-2.247	1.894	1.05	0.302	-3.656	-0.259	-3.242	6.0	G	HBOND
9bce	A	95	 	R	E	0.161	-1.962	2.212	1.538	-0.055	1.502	0.44	2.897	3.0	D	A	124	 	D	E	0.012	-2.247	1.894	1.05	0.302	-3.656	-0.259	-3.242	6.0	G	VDW
9bce	A	97	 	A	E	0.038	-1.803	2.396	-0.591	-1.302	-0.733	1.57	-0.146	3.0	D	A	139	 	Y	-	0.072	-1.407	2.635	0.26	0.83	3.097	-0.838	1.512	6.0	G	VDW
9bce	A	227	 	K	H	0.22	-0.964	-0.881	1.831	-0.561	0.533	-0.277	1.648	17.0	R	A	231	 	L	H	0.25	-1.052	-0.531	-1.019	-0.987	-1.505	1.266	-0.912	9.0	J	HBOND
9bce	B	92	 	G	E	0.476	1.428	-2.872	-0.384	1.652	1.33	1.045	2.064	3.0	D	B	122	 	E	E	0.392	-1.709	2.448	1.357	-1.453	1.477	0.113	-0.837	6.0	G	HBOND
9bce	A	96	 	I	E	0.0	-2.281	2.222	-1.239	-0.547	2.131	0.393	0.816	3.0	D	A	126	 	Q	E	0.025	-2.164	2.083	0.931	-0.179	-3.005	-0.503	-1.853	6.0	G	HBOND
9bce	B	154	 	V	S	0.289	-2.333	2.171	-1.337	-0.279	-0.544	1.242	-1.262	2.0	C	B	270	 	V	E	0.12	-1.88	2.384	-1.337	-0.279	-0.544	1.242	-1.262	5.0	F	
9bce	A	195	 	S	T	0.169	-1.226	-0.272	-0.228	1.399	-4.76	0.67	-2.647	2.0	C	A	219	 	R	E	0.073	-2.127	2.337	1.538	-0.055	1.502	0.44	2.897	19.0	T	VDW
9bce	B	146	 	G	S	0.345	-1.181	2.849	-0.384	1.652	1.33	1.045	2.064	2.0	C	B	266	 	K	E	0.454	-2.028	2.528	1.831	-0.561	0.533	-0.277	1.648	7.0	H	HBOND
9bce	A	171	 	Y	H	0.023	-1.079	-0.878	0.26	0.83	3.097	-0.838	1.512	9.0	J	A	174	 	T	H	0.817	-1.743	-0.668	-0.032	0.326	2.213	0.908	1.313	12.0	M	HBOND
9bce	A	171	 	Y	H	0.023	-1.079	-0.878	0.26	0.83	3.097	-0.838	1.512	9.0	J	A	174	 	T	H	0.817	-1.743	-0.668	-0.032	0.326	2.213	0.908	1.313	12.0	M	VDW
9bce	A	184	 	L	G	0.0	-1.111	-0.413	-1.019	-0.987	-1.505	1.266	-0.912	13.0	N	A	213	 	S	E	0.492	-1.562	2.743	-0.228	1.399	-4.76	0.67	-2.647	6.0	G	
9bce	A	166	 	V	E	0.0	-2.431	2.812	-1.337	-0.279	-0.544	1.242	-1.262	8.0	I	A	237	 	A	E	0.0	-2.453		-0.591	-1.302	-0.733	1.57	-0.146			HBOND
9bce	B	229	 	L	H	0.0	-1.181	-0.645	-1.019	-0.987	-1.505	1.266	-0.912	17.0	R	B	232	 	D	T	0.166	-1.507	0.274	1.05	0.302	-3.656	-0.259	-3.242	17.0	R	
9bce	A	98	 	I	E	0.012	-2.433	2.389	-1.239	-0.547	2.131	0.393	0.816	3.0	D	A	126	 	Q	E	0.025	-2.164	2.083	0.931	-0.179	-3.005	-0.503	-1.853	6.0	G	HBOND
9bce	A	217	 	K	E	0.146	-1.158	-0.704	1.831	-0.561	0.533	-0.277	1.648	12.0	M	B	123	 	L	E	0.0	-1.974	2.475	-1.019	-0.987	-1.505	1.266	-0.912	19.0	T	HBOND
9bce	A	192	 	L	E	0.317	-1.456	1.961	-1.019	-0.987	-1.505	1.266	-0.912	13.0	N	A	222	 	S	-	0.0	-2.441	1.942	-0.228	1.399	-4.76	0.67	-2.647	19.0	T	
9bce	B	279	 	T	H	0.599	-1.282	-0.513	-0.032	0.326	2.213	0.908	1.313	12.0	M	B	283	 	A	H	0.075	-1.091	-0.773	-0.591	-1.302	-0.733	1.57	-0.146			HBOND
9bce	B	201	 	W	E	0.009	-2.065	2.218	-0.595	0.009	0.672	-2.128	-0.184	2.0	C	B	236	 	I	E	0.0	-1.557	2.433	-1.239	-0.547	2.131	0.393	0.816	10.0	K	
9bce	B	149	 	Q	P	0.556	-1.715	2.97	0.931	-0.179	-3.005	-0.503	-1.853	2.0	C	B	152	 	D	-	0.123	-1.529	1.405	1.05	0.302	-3.656	-0.259	-3.242	13.0	N	HBOND
9bce	A	234	 	F	S	0.142	-1.477	-0.264	-1.006	-0.59	1.891	-0.397	0.412	14.0	O	B	112	 	S	H	0.008	-1.056	-0.838	-0.228	1.399	-4.76	0.67	-2.647	17.0	R	VDW
9bce	B	186	 	D	G	0.669	-1.703	0.237	1.05	0.302	-3.656	-0.259	-3.242	0.0	A	B	215	 	Q	E	0.399	-1.311	2.126	0.931	-0.179	-3.005	-0.503	-1.853	6.0	G	
9bce	B	189	 	G	E	0.0	-2.055	2.666	-0.384	1.652	1.33	1.045	2.064			B	214	 	F	-	0.046	-2.823	2.931	-1.006	-0.59	1.891	-0.397	0.412	6.0	G	VDW
9bce	A	283	 	A	H	0.123	-1.05	-0.742	-0.591	-1.302	-0.733	1.57	-0.146			A	287	 	F	H	0.076	-1.096	-0.74	-1.006	-0.59	1.891	-0.397	0.412	15.0	P	HBOND
9bce	A	283	 	A	H	0.123	-1.05	-0.742	-0.591	-1.302	-0.733	1.57	-0.146			A	287	 	F	H	0.076	-1.096	-0.74	-1.006	-0.59	1.891	-0.397	0.412	15.0	P	VDW
9bce	A	165	 	L	E	0.055	-1.479	2.259	-1.019	-0.987	-1.505	1.266	-0.912	8.0	I	A	255	 	P	E	0.382	-1.213	2.563	0.189	2.081	-1.628	0.421	-1.392	16.0	Q	
9bce	B	203	 	L	E	0.0	-2.241	2.499	-1.019	-0.987	-1.505	1.266	-0.912	18.0	S	B	209	 	K	-	0.605	-1.432	2.254	1.831	-0.561	0.533	-0.277	1.648	16.0	Q	
9bce	A	291	 	R	H	0.339	-1.332	-0.745	1.538	-0.055	1.502	0.44	2.897	17.0	R	A	294	 	S	H	0.662	-1.883	0.012	-0.228	1.399	-4.76	0.67	-2.647	17.0	R	HBOND
9bce	A	99	 	P	-	0.118	-1.045	2.612	0.189	2.081	-1.628	0.421	-1.392	0.0	A	A	102	 	F	S	0.005	-1.452	2.487	-1.006	-0.59	1.891	-0.397	0.412			HBOND
9bce	A	217	 	K	E	0.146	-1.158	-0.704	1.831	-0.561	0.533	-0.277	1.648	12.0	M	B	119	 	P	T	0.559	-1.291	-0.122	0.189	2.081	-1.628	0.421	-1.392	17.0	R	HBOND
9bce	A	217	 	K	E	0.146	-1.158	-0.704	1.831	-0.561	0.533	-0.277	1.648	12.0	M	B	119	 	P	T	0.559	-1.291	-0.122	0.189	2.081	-1.628	0.421	-1.392	17.0	R	VDW
9bce	B	91	 	S	-	0.538	-2.71	-2.892	-0.228	1.399	-4.76	0.67	-2.647	0.0	A	B	120	 	N	T	0.726	-1.894	0.324	0.945	0.828	1.299	-0.169	0.933	6.0	G	
9bce	A	191	 	L	E	0.037	-1.55	2.202	-1.019	-0.987	-1.505	1.266	-0.912	0.0	A	A	220	 	V	E	0.0	-2.718	2.605	-1.337	-0.279	-0.544	1.242	-1.262	19.0	T	HBOND
9bce	A	201	 	W	E	0.009	-2.058	2.326	-0.595	0.009	0.672	-2.128	-0.184	2.0	C	A	236	 	I	E	0.006	-1.489	2.487	-1.239	-0.547	2.131	0.393	0.816	10.0	K	
9bce	B	169	 	P	H	0.5	-1.054	-0.594	0.189	2.081	-1.628	0.421	-1.392	12.0	M	B	172	 	L	H	0.11	-1.144	-0.575	-1.019	-0.987	-1.505	1.266	-0.912	1.0	B	
9bce	B	201	 	W	E	0.009	-2.065	2.218	-0.595	0.009	0.672	-2.128	-0.184	2.0	C	B	212	 	V	E	0.127		2.728	-1.337	-0.279	-0.544	1.242	-1.262			HBOND
9bce	B	201	 	W	E	0.009	-2.065	2.218	-0.595	0.009	0.672	-2.128	-0.184	2.0	C	B	212	 	V	E	0.127		2.728	-1.337	-0.279	-0.544	1.242	-1.262			VDW
9bce	A	285	 	L	H	0.006	-1.139	-0.665	-1.019	-0.987	-1.505	1.266	-0.912	15.0	P	A	288	 	F	H	0.0	-0.916	-0.881	-1.006	-0.59	1.891	-0.397	0.412	15.0	P	
9bce	A	189	 	G	E	0.0	-2.043	2.626	-0.384	1.652	1.33	1.045	2.064			A	214	 	F	-	0.056	-2.485	2.967	-1.006	-0.59	1.891	-0.397	0.412	6.0	G	VDW
9bce	A	229	 	L	H	0.0	-1.182	-0.639	-1.019	-0.987	-1.505	1.266	-0.912	17.0	R	A	232	 	D	T	0.276	-1.585	0.283	1.05	0.302	-3.656	-0.259	-3.242	17.0	R	
9bce	A	189	 	G	E	0.0	-2.043	2.626	-0.384	1.652	1.33	1.045	2.064			A	218	 	V	E	0.0	-2.429	2.44	-1.337	-0.279	-0.544	1.242	-1.262	6.0	G	
9bce	B	216	 	R	E	0.246	-1.473	1.404	1.538	-0.055	1.502	0.44	2.897	2.0	C	B	219	 	R	E	0.069	-2.071	2.355	1.538	-0.055	1.502	0.44	2.897	19.0	T	
9bce	A	178	 	P	-	0.022	-1.122	2.338	0.189	2.081	-1.628	0.421	-1.392	2.0	C	A	183	 	E	G	0.397	-1.265	-0.249	1.357	-1.453	1.477	0.113	-0.837	17.0	R	
9bce	B	161	 	R	E	0.113	-2.411	2.656	1.538	-0.055	1.502	0.44	2.897	4.0	E	B	265	 	F	E	0.35	-1.767	2.59	-1.006	-0.59	1.891	-0.397	0.412	10.0	K	HBOND
9bce	B	161	 	R	E	0.113	-2.411	2.656	1.538	-0.055	1.502	0.44	2.897	4.0	E	B	265	 	F	E	0.35	-1.767	2.59	-1.006	-0.59	1.891	-0.397	0.412	10.0	K	VDW
9bce	A	97	 	A	E	0.038	-1.803	2.396	-0.591	-1.302	-0.733	1.57	-0.146	3.0	D	A	126	 	Q	E	0.025	-2.164	2.083	0.931	-0.179	-3.005	-0.503	-1.853	6.0	G	
9bce	A	134	 	L	-	0.098	-2.022	0.274	-1.019	-0.987	-1.505	1.266	-0.912	4.0	E	A	139	 	Y	-	0.072	-1.407	2.635	0.26	0.83	3.097	-0.838	1.512	6.0	G	VDW
9bce	A	193	 	G	-	0.107	-3.053	2.929	-0.384	1.652	1.33	1.045	2.064	2.0	C	B	126	 	Q	E	0.025	-2.114	2.019	0.931	-0.179	-3.005	-0.503	-1.853	2.0	C	HBOND
9bce	A	193	 	G	-	0.107	-3.053	2.929	-0.384	1.652	1.33	1.045	2.064	2.0	C	B	126	 	Q	E	0.025	-2.114	2.019	0.931	-0.179	-3.005	-0.503	-1.853	2.0	C	VDW
9bce	B	227	 	K	H	0.229	-1.146	-0.793	1.831	-0.561	0.533	-0.277	1.648	17.0	R	B	231	 	L	H	0.207	-1.06	-0.567	-1.019	-0.987	-1.505	1.266	-0.912	9.0	J	HBOND
9bce	A	110	 	L	H	0.012	-1.196	-0.668	-1.019	-0.987	-1.505	1.266	-0.912	9.0	J	A	114	 	F	H	0.0	-1.089		-1.006	-0.59	1.891	-0.397	0.412			HBOND
9bce	A	219	 	R	E	0.073	-2.127	2.337	1.538	-0.055	1.502	0.44	2.897	19.0	T	B	125	 	V	E	0.0	-1.945	2.177	-1.337	-0.279	-0.544	1.242	-1.262	19.0	T	HBOND
9bce	A	204	 	G	-	0.048	-2.925	2.669	-0.384	1.652	1.33	1.045	2.064	0.0	A	A	260	 	W	S	0.26	-2.15	1.236	-0.595	0.009	0.672	-2.128	-0.184	16.0	Q	
9bce	A	112	 	S	H	0.031	-1.038	-0.84	-0.228	1.399	-4.76	0.67	-2.647	17.0	R	A	116	 	R	H	0.56		-0.565	1.538	-0.055	1.502	0.44	2.897			VDW
9bce	A	112	 	S	H	0.031	-1.038	-0.84	-0.228	1.399	-4.76	0.67	-2.647	17.0	R	B	232	 	D	T	0.166	-1.507	0.274	1.05	0.302	-3.656	-0.259	-3.242	17.0	R	HBOND
9bce	B	144	 	K	E	0.112	-2.423	2.575	1.831	-0.561	0.533	-0.277	1.648	2.0	C	B	152	 	D	-	0.123	-1.529	1.405	1.05	0.302	-3.656	-0.259	-3.242	13.0	N	
9bce	A	246	 	T	H	0.676	-1.091	-0.794	-0.032	0.326	2.213	0.908	1.313	17.0	R	A	249	 	A	H	0.858	-1.092	-0.693	-0.591	-1.302	-0.733	1.57	-0.146	17.0	R	VDW
9bce	B	184	 	L	G	0.006	-1.107	-0.368	-1.019	-0.987	-1.505	1.266	-0.912	13.0	N	B	187	 	H	S	0.06	-2.113	2.689	0.336	-0.417	-1.673	-1.474	-0.078	18.0	S	HBOND
9bce	B	184	 	L	G	0.006	-1.107	-0.368	-1.019	-0.987	-1.505	1.266	-0.912	13.0	N	B	187	 	H	S	0.06	-2.113	2.689	0.336	-0.417	-1.673	-1.474	-0.078	18.0	S	VDW
9bce	A	154	 	V	E	0.218	-1.836	2.455	-1.337	-0.279	-0.544	1.242	-1.262	2.0	C	A	271	 	Y	E	0.081	-2.641	2.907	0.26	0.83	3.097	-0.838	1.512	6.0	G	HBOND
9bce	A	154	 	V	E	0.218	-1.836	2.455	-1.337	-0.279	-0.544	1.242	-1.262	2.0	C	A	271	 	Y	E	0.081	-2.641	2.907	0.26	0.83	3.097	-0.838	1.512	6.0	G	VDW
9bce	B	142	 	A	E	0.066	-2.037	2.153	-0.591	-1.302	-0.733	1.57	-0.146	19.0	T	B	270	 	V	E	0.12	-1.88	2.384	-1.337	-0.279	-0.544	1.242	-1.262	5.0	F	HBOND
9bce	B	191	 	L	E	0.037	-1.578	2.203	-1.019	-0.987	-1.505	1.266	-0.912	0.0	A	B	220	 	V	E	0.0	-2.739	2.651	-1.337	-0.279	-0.544	1.242	-1.262	19.0	T	HBOND
9bce	A	134	 	L	-	0.098	-2.022	0.274	-1.019	-0.987	-1.505	1.266	-0.912	4.0	E	A	272	 	S	E	0.008	-1.359	2.415	-0.228	1.399	-4.76	0.67	-2.647	5.0	F	
9bce	B	113	 	G	H	0.071	-1.116	-0.635	-0.384	1.652	1.33	1.045	2.064	17.0	R	B	117	 	L	H	0.591	-1.335	-0.598	-1.019	-0.987	-1.505	1.266	-0.912			HBOND
9bce	B	158	 	L	E	0.061	-1.816	-0.832	-1.019	-0.987	-1.505	1.266	-0.912	13.0	N	B	267	 	V	E	0.0	-2.047	2.314	-1.337	-0.279	-0.544	1.242	-1.262	10.0	K	HBOND
9bce	A	95	 	R	E	0.161	-1.962	2.212	1.538	-0.055	1.502	0.44	2.897	3.0	D	A	141	 	I	E	0.0	-2.228	2.459	-1.239	-0.547	2.131	0.393	0.816	8.0	I	HBOND
9bce	A	114	 	F	H	0.0	-1.089		-1.006	-0.59	1.891	-0.397	0.412			A	284	 	F	H	0.015	-1.173	-0.841	-1.006	-0.59	1.891	-0.397	0.412	15.0	P	PIPISTACK
9bce	A	114	 	F	H	0.0	-1.089		-1.006	-0.59	1.891	-0.397	0.412			A	284	 	F	H	0.015	-1.173	-0.841	-1.006	-0.59	1.891	-0.397	0.412	15.0	P	VDW
9bce	A	222	 	S	-	0.0	-2.441	1.942	-0.228	1.399	-4.76	0.67	-2.647	19.0	T	A	226	 	V	H	0.007		-0.919	-1.337	-0.279	-0.544	1.242	-1.262			VDW
9bce	B	103	 	S	-	0.2	-1.239	2.178	-0.228	1.399	-4.76	0.67	-2.647	2.0	C	B	107	 	I	H	0.006	-1.151	-0.597	-1.239	-0.547	2.131	0.393	0.816	17.0	R	HBOND
9bce	B	105	 	E	H	0.716	-1.019	-0.814	1.357	-1.453	1.477	0.113	-0.837	17.0	R	B	108	 	A	H	0.009	-1.055	-0.823	-0.591	-1.302	-0.733	1.57	-0.146	17.0	R	
9bce	A	98	 	I	E	0.012	-2.433	2.389	-1.239	-0.547	2.131	0.393	0.816	3.0	D	A	102	 	F	S	0.005	-1.452	2.487	-1.006	-0.59	1.891	-0.397	0.412			VDW
9bce	B	188	 	S	E	0.085	-1.395	2.259	-0.228	1.399	-4.76	0.67	-2.647	3.0	D	B	236	 	I	E	0.0	-1.557	2.433	-1.239	-0.547	2.131	0.393	0.816	10.0	K	HBOND
9bce	A	288	 	F	H	0.0	-0.916	-0.881	-1.006	-0.59	1.891	-0.397	0.412	15.0	P	A	292	 	F	H	0.036	-1.054	-0.815	-1.006	-0.59	1.891	-0.397	0.412	1.0	B	PIPISTACK
9bce	A	288	 	F	H	0.0	-0.916	-0.881	-1.006	-0.59	1.891	-0.397	0.412	15.0	P	A	292	 	F	H	0.036	-1.054	-0.815	-1.006	-0.59	1.891	-0.397	0.412	1.0	B	HBOND
9bce	A	184	 	L	G	0.0	-1.111	-0.413	-1.019	-0.987	-1.505	1.266	-0.912	13.0	N	A	187	 	H	S	0.082	-2.107	2.67	0.336	-0.417	-1.673	-1.474	-0.078	18.0	S	HBOND
9bce	A	119	 	P	T	0.588	-1.256	-0.054	0.189	2.081	-1.628	0.421	-1.392	17.0	R	B	217	 	K	E	0.146	-1.124	-0.745	1.831	-0.561	0.533	-0.277	1.648	12.0	M	HBOND
9bce	A	160	 	E	E	0.464	-2.362	2.598	1.357	-1.453	1.477	0.113	-0.837	8.0	I	A	264	 	P	P	0.331	-1.113	2.826	0.189	2.081	-1.628	0.421	-1.392	10.0	K	
9bce	A	99	 	P	-	0.118	-1.045	2.612	0.189	2.081	-1.628	0.421	-1.392	0.0	A	A	143	 	I	E	0.03	-1.507	2.242	-1.239	-0.547	2.131	0.393	0.816	8.0	I	
9bce	A	123	 	L	E	0.006	-1.859	2.517	-1.019	-0.987	-1.505	1.266	-0.912	19.0	T	B	217	 	K	E	0.146	-1.124	-0.745	1.831	-0.561	0.533	-0.277	1.648	12.0	M	HBOND
9bce	B	162	 	Q	-	0.338	-1.903	1.885	0.931	-0.179	-3.005	-0.503	-1.853			B	241	 	N	T	0.446	-1.107	-0.417	0.945	0.828	1.299	-0.169	0.933	1.0	B	HBOND
9bce	B	112	 	S	H	0.008	-1.056	-0.838	-0.228	1.399	-4.76	0.67	-2.647	17.0	R	B	116	 	R	H	0.573		-0.668	1.538	-0.055	1.502	0.44	2.897			HBOND
9bce	B	226	 	V	H	0.014		-0.829	-1.337	-0.279	-0.544	1.242	-1.262			B	229	 	L	H	0.0	-1.181	-0.645	-1.019	-0.987	-1.505	1.266	-0.912	17.0	R	
9bce	B	204	 	G	-	0.048	1.636	2.909	-0.384	1.652	1.33	1.045	2.064	0.0	A	B	209	 	K	-	0.605	-1.432	2.254	1.831	-0.561	0.533	-0.277	1.648	16.0	Q	
9bce	B	189	 	G	E	0.0	-2.055	2.666	-0.384	1.652	1.33	1.045	2.064			B	215	 	Q	E	0.399	-1.311	2.126	0.931	-0.179	-3.005	-0.503	-1.853	6.0	G	HBOND
9bce	B	169	 	P	H	0.5	-1.054	-0.594	0.189	2.081	-1.628	0.421	-1.392	12.0	M	B	251	 	G	T	0.405	1.449	0.042	-0.384	1.652	1.33	1.045	2.064	14.0	O	
9bce	B	159	 	F	E	0.086	-2.899	3.002	-1.006	-0.59	1.891	-0.397	0.412	2.0	C	B	292	 	F	T	0.01	-1.364	0.104	-1.006	-0.59	1.891	-0.397	0.412	1.0	B	PIPISTACK
9bce	B	164	 	I	E	0.183	-2.481	2.619	-1.239	-0.547	2.131	0.393	0.816	4.0	E	B	239	 	L	E	0.085		2.705	-1.019	-0.987	-1.505	1.266	-0.912			HBOND
9bce	A	194	 	T	-	0.275	-1.699	-2.894	-0.032	0.326	2.213	0.908	1.313	2.0	C	A	197	 	S	-	0.285	-1.336	2.274	-0.228	1.399	-4.76	0.67	-2.647	2.0	C	HBOND
9bce	A	194	 	T	-	0.275	-1.699	-2.894	-0.032	0.326	2.213	0.908	1.313	2.0	C	A	197	 	S	-	0.285	-1.336	2.274	-0.228	1.399	-4.76	0.67	-2.647	2.0	C	VDW
9bce	B	284	 	F	H	0.005	-1.127	-0.818	-1.006	-0.59	1.891	-0.397	0.412	15.0	P	B	288	 	F	H	0.0	-1.088	-0.773	-1.006	-0.59	1.891	-0.397	0.412	15.0	P	PIPISTACK
9bce	B	284	 	F	H	0.005	-1.127	-0.818	-1.006	-0.59	1.891	-0.397	0.412	15.0	P	B	288	 	F	H	0.0	-1.088	-0.773	-1.006	-0.59	1.891	-0.397	0.412	15.0	P	HBOND
9bce	B	284	 	F	H	0.005	-1.127	-0.818	-1.006	-0.59	1.891	-0.397	0.412	15.0	P	B	288	 	F	H	0.0	-1.088	-0.773	-1.006	-0.59	1.891	-0.397	0.412	15.0	P	VDW
9bce	A	155	 	A	E	0.274	-2.289	2.373	-0.591	-1.302	-0.733	1.57	-0.146	8.0	I	A	269	 	G	E	0.0	-1.825	2.197	-0.384	1.652	1.33	1.045	2.064	10.0	K	
9bce	A	298	 	L	H	0.03	-1.505	-0.577	-1.019	-0.987	-1.505	1.266	-0.912	15.0	P	A	301	 	L	T	0.262	-1.384		-1.019	-0.987	-1.505	1.266	-0.912			HBOND
9bce	A	286	 	D	H	0.497	-1.341	-0.574	1.05	0.302	-3.656	-0.259	-3.242	17.0	R	A	290	 	K	H	0.766	-1.059	-0.801	1.831	-0.561	0.533	-0.277	1.648	17.0	R	HBOND
9bce	B	99	 	P	-	0.103	-1.011	2.613	0.189	2.081	-1.628	0.421	-1.392	0.0	A	B	143	 	I	E	0.03	-1.512	2.21	-1.239	-0.547	2.131	0.393	0.816	8.0	I	VDW
9bce	A	188	 	S	E	0.077	-1.332	2.269	-0.228	1.399	-4.76	0.67	-2.647	3.0	D	A	234	 	F	S	0.142	-1.477	-0.264	-1.006	-0.59	1.891	-0.397	0.412	14.0	O	
9bce	A	280	 	N	H	0.166	-1.122	-0.675	0.945	0.828	1.299	-0.169	0.933	11.0	L	A	283	 	A	H	0.123	-1.05	-0.742	-0.591	-1.302	-0.733	1.57	-0.146			
9bce	A	164	 	I	E	0.243	-2.376	2.662	-1.239	-0.547	2.131	0.393	0.816	4.0	E	A	239	 	L	E	0.073		2.598	-1.019	-0.987	-1.505	1.266	-0.912			HBOND
9bce	B	114	 	F	H	0.0	-1.112		-1.006	-0.59	1.891	-0.397	0.412			B	284	 	F	H	0.005	-1.127	-0.818	-1.006	-0.59	1.891	-0.397	0.412	15.0	P	PIPISTACK
9bce	B	114	 	F	H	0.0	-1.112		-1.006	-0.59	1.891	-0.397	0.412			B	284	 	F	H	0.005	-1.127	-0.818	-1.006	-0.59	1.891	-0.397	0.412	15.0	P	VDW
9bce	B	159	 	F	E	0.086	-2.899	3.002	-1.006	-0.59	1.891	-0.397	0.412	2.0	C	B	288	 	F	H	0.0	-1.088	-0.773	-1.006	-0.59	1.891	-0.397	0.412	15.0	P	PIPISTACK
9bce	B	159	 	F	E	0.086	-2.899	3.002	-1.006	-0.59	1.891	-0.397	0.412	2.0	C	B	288	 	F	H	0.0	-1.088	-0.773	-1.006	-0.59	1.891	-0.397	0.412	15.0	P	VDW
9bce	A	172	 	L	H	0.104	-1.155	-0.582	-1.019	-0.987	-1.505	1.266	-0.912	1.0	B	A	176	 	G	-	0.405	1.518	2.905	-0.384	1.652	1.33	1.045	2.064	11.0	L	HBOND
9bce	A	172	 	L	H	0.104	-1.155	-0.582	-1.019	-0.987	-1.505	1.266	-0.912	1.0	B	A	176	 	G	-	0.405	1.518	2.905	-0.384	1.652	1.33	1.045	2.064	11.0	L	VDW
9bce	A	186	 	D	G	0.663	-1.723	0.158	1.05	0.302	-3.656	-0.259	-3.242	17.0	R	A	215	 	Q	E	0.389	-1.316	2.201	0.931	-0.179	-3.005	-0.503	-1.853	6.0	G	
9bce	A	168	 	S	-	0.015	-1.346	2.731	-0.228	1.399	-4.76	0.67	-2.647	4.0	E	A	171	 	Y	H	0.023	-1.079	-0.878	0.26	0.83	3.097	-0.838	1.512	9.0	J	HBOND
9bce	A	242	 	S	T	0.146	-1.471	-0.789	-0.228	1.399	-4.76	0.67	-2.647	9.0	J	A	299	 	Q	H	0.283	-1.102	-0.462	0.931	-0.179	-3.005	-0.503	-1.853	15.0	P	HBOND
9bce	A	195	 	S	T	0.169	-1.226	-0.272	-0.228	1.399	-4.76	0.67	-2.647	2.0	C	B	95	 	R	E	0.129	-2.017	2.099	1.538	-0.055	1.502	0.44	2.897	3.0	D	HBOND
9bce	B	148	 	L	P	0.348	-1.31	2.594	-1.019	-0.987	-1.505	1.266	-0.912	2.0	C	B	155	 	A	E	0.377	-2.607	2.778	-0.591	-1.302	-0.733	1.57	-0.146	8.0	I	
9bce	A	204	 	G	-	0.048	-2.925	2.669	-0.384	1.652	1.33	1.045	2.064	0.0	A	A	209	 	K	-	0.229	-1.761	2.591	1.831	-0.561	0.533	-0.277	1.648	16.0	Q	HBOND
9bce	A	204	 	G	-	0.048	-2.925	2.669	-0.384	1.652	1.33	1.045	2.064	0.0	A	A	209	 	K	-	0.229	-1.761	2.591	1.831	-0.561	0.533	-0.277	1.648	16.0	Q	VDW
9bce	B	92	 	G	E	0.476	1.428	-2.872	-0.384	1.652	1.33	1.045	2.064	3.0	D	B	120	 	N	T	0.726	-1.894	0.324	0.945	0.828	1.299	-0.169	0.933	6.0	G	
9bce	B	229	 	L	H	0.0	-1.181	-0.645	-1.019	-0.987	-1.505	1.266	-0.912	17.0	R	B	233	 	D	T	0.448	1.362	0.35	1.05	0.302	-3.656	-0.259	-3.242	11.0	L	
9bce	B	95	 	R	E	0.129	-2.017	2.099	1.538	-0.055	1.502	0.44	2.897	3.0	D	B	137	 	E	-	0.613		0.512	1.357	-1.453	1.477	0.113	-0.837	12.0	M	HBOND
9bce	A	226	 	V	H	0.007		-0.919	-1.337	-0.279	-0.544	1.242	-1.262			A	230	 	A	H	0.0	-1.094	-0.797	-0.591	-1.302	-0.733	1.57	-0.146	14.0	O	HBOND
9bce	B	166	 	V	E	0.014	-2.444	2.797	-1.337	-0.279	-0.544	1.242	-1.262	8.0	I	B	236	 	I	E	0.0	-1.557	2.433	-1.239	-0.547	2.131	0.393	0.816	10.0	K	
9bce	A	164	 	I	E	0.243	-2.376	2.662	-1.239	-0.547	2.131	0.393	0.816	4.0	E	A	237	 	A	E	0.0	-2.453		-0.591	-1.302	-0.733	1.57	-0.146			
9bce	B	184	 	L	G	0.006	-1.107	-0.368	-1.019	-0.987	-1.505	1.266	-0.912	13.0	N	B	214	 	F	-	0.046	-2.823	2.931	-1.006	-0.59	1.891	-0.397	0.412	6.0	G	
9bce	A	175	 	R	H	0.383	-1.598	-0.208	1.538	-0.055	1.502	0.44	2.897	12.0	M	A	186	 	D	G	0.663	-1.723	0.158	1.05	0.302	-3.656	-0.259	-3.242	17.0	R	HBOND
9bce	A	175	 	R	H	0.383	-1.598	-0.208	1.538	-0.055	1.502	0.44	2.897	12.0	M	A	186	 	D	G	0.663	-1.723	0.158	1.05	0.302	-3.656	-0.259	-3.242	17.0	R	VDW
9bce	B	175	 	R	H	0.363	-1.857	-0.106	1.538	-0.055	1.502	0.44	2.897	13.0	N	B	186	 	D	G	0.669	-1.703	0.237	1.05	0.302	-3.656	-0.259	-3.242	0.0	A	HBOND
9bce	B	245	 	K	H	0.741	-1.154	-0.681	1.831	-0.561	0.533	-0.277	1.648	17.0	R	B	249	 	A	H	0.802	-1.127	-0.615	-0.591	-1.302	-0.733	1.57	-0.146	17.0	R	HBOND
9bce	B	165	 	L	E	0.018	-1.522	2.302	-1.019	-0.987	-1.505	1.266	-0.912	8.0	I	B	255	 	P	E	0.397	-1.268	2.467	0.189	2.081	-1.628	0.421	-1.392	16.0	Q	
9bce	B	194	 	T	-	0.352	-1.665	-2.935	-0.032	0.326	2.213	0.908	1.313	2.0	C	B	197	 	S	-	0.292	-1.375	2.276	-0.228	1.399	-4.76	0.67	-2.647	2.0	C	HBOND
9bce	B	99	 	P	-	0.103	-1.011	2.613	0.189	2.081	-1.628	0.421	-1.392	0.0	A	B	102	 	F	S	0.061	-1.255	2.566	-1.006	-0.59	1.891	-0.397	0.412	2.0	C	HBOND
9bce	B	99	 	P	-	0.103	-1.011	2.613	0.189	2.081	-1.628	0.421	-1.392	0.0	A	B	102	 	F	S	0.061	-1.255	2.566	-1.006	-0.59	1.891	-0.397	0.412	2.0	C	VDW
9bce	B	228	 	Q	H	0.369	-1.053	-0.733	0.931	-0.179	-3.005	-0.503	-1.853	17.0	R	B	231	 	L	H	0.207	-1.06	-0.567	-1.019	-0.987	-1.505	1.266	-0.912	9.0	J	VDW
9bce	A	216	 	R	E	0.23	-1.467	1.367	1.538	-0.055	1.502	0.44	2.897	2.0	C	A	219	 	R	E	0.073	-2.127	2.337	1.538	-0.055	1.502	0.44	2.897	19.0	T	
9bce	B	286	 	D	H	0.521	-1.048	-0.793	1.05	0.302	-3.656	-0.259	-3.242	17.0	R	B	290	 	K	H	0.332	-1.15	-0.621	1.831	-0.561	0.533	-0.277	1.648	1.0	B	HBOND
9bce	A	171	 	Y	H	0.023	-1.079	-0.878	0.26	0.83	3.097	-0.838	1.512	9.0	J	A	188	 	S	E	0.077	-1.332	2.269	-0.228	1.399	-4.76	0.67	-2.647	3.0	D	HBOND
9bce	A	171	 	Y	H	0.023	-1.079	-0.878	0.26	0.83	3.097	-0.838	1.512	9.0	J	A	188	 	S	E	0.077	-1.332	2.269	-0.228	1.399	-4.76	0.67	-2.647	3.0	D	VDW
9bce	B	94	 	L	E	0.0	-2.094	2.278	-1.019	-0.987	-1.505	1.266	-0.912	0.0	A	B	124	 	D	E	0.012	-2.304	1.765	1.05	0.302	-3.656	-0.259	-3.242	6.0	G	HBOND
9bce	B	289	 	V	H	0.232	-1.142	-0.711	-1.337	-0.279	-0.544	1.242	-1.262	11.0	L	B	293	 	S	T	0.554	-2.074	-0.635	-0.228	1.399	-4.76	0.67	-2.647	12.0	M	
9bce	A	135	 	V	S	0.423	-2.262	2.815	-1.337	-0.279	-0.544	1.242	-1.262	2.0	C	A	138	 	G	S	0.25	-1.256	-2.698	-0.384	1.652	1.33	1.045	2.064	16.0	Q	HBOND
9bce	B	96	 	I	E	0.0	-2.241	2.287	-1.239	-0.547	2.131	0.393	0.816	3.0	D	B	125	 	V	E	0.0	-1.945	2.177	-1.337	-0.279	-0.544	1.242	-1.262	19.0	T	
9bce	B	247	 	E	H	0.186	-1.126	-0.579	1.357	-1.453	1.477	0.113	-0.837	1.0	B	B	251	 	G	T	0.405	1.449	0.042	-0.384	1.652	1.33	1.045	2.064	14.0	O	
9bce	A	290	 	K	H	0.766	-1.059	-0.801	1.831	-0.561	0.533	-0.277	1.648	17.0	R	A	293	 	S	H	0.577	-1.281	-0.227	-0.228	1.399	-4.76	0.67	-2.647	17.0	R	
9bce	B	285	 	L	H	0.012	-1.178	-0.626	-1.019	-0.987	-1.505	1.266	-0.912	15.0	P	B	288	 	F	H	0.0	-1.088	-0.773	-1.006	-0.59	1.891	-0.397	0.412	15.0	P	
9bce	A	185	 	S	G	0.485	-1.166	-0.224	-0.228	1.399	-4.76	0.67	-2.647	13.0	N	A	213	 	S	E	0.492	-1.562	2.743	-0.228	1.399	-4.76	0.67	-2.647	6.0	G	
9bce	A	229	 	L	H	0.0	-1.182	-0.639	-1.019	-0.987	-1.505	1.266	-0.912	17.0	R	A	233	 	D	T	0.491	1.394	0.301	1.05	0.302	-3.656	-0.259	-3.242	11.0	L	
9bce	B	166	 	V	E	0.014	-2.444	2.797	-1.337	-0.279	-0.544	1.242	-1.262	8.0	I	B	237	 	A	E	0.0	-2.399		-0.591	-1.302	-0.733	1.57	-0.146			HBOND
9bce	B	243	 	A	T	0.255	-1.329	-0.264	-0.591	-1.302	-0.733	1.57	-0.146	13.0	N	B	299	 	Q	T	0.525	-1.718	-0.003	0.931	-0.179	-3.005	-0.503	-1.853	11.0	L	VDW
9bce	A	97	 	A	E	0.038	-1.803	2.396	-0.591	-1.302	-0.733	1.57	-0.146	3.0	D	A	143	 	I	E	0.03	-1.507	2.242	-1.239	-0.547	2.131	0.393	0.816	8.0	I	HBOND
9bce	A	224	 	I	H	0.456	-1.128		-1.239	-0.547	2.131	0.393	0.816			A	228	 	Q	H	0.323	-1.062	-0.742	0.931	-0.179	-3.005	-0.503	-1.853	17.0	R	HBOND
9bce	A	224	 	I	H	0.456	-1.128		-1.239	-0.547	2.131	0.393	0.816			A	228	 	Q	H	0.323	-1.062	-0.742	0.931	-0.179	-3.005	-0.503	-1.853	17.0	R	VDW
9bce	A	161	 	R	E	0.125	-2.379	2.716	1.538	-0.055	1.502	0.44	2.897	4.0	E	A	292	 	F	H	0.036	-1.054	-0.815	-1.006	-0.59	1.891	-0.397	0.412	1.0	B	
9bce	A	184	 	L	G	0.0	-1.111	-0.413	-1.019	-0.987	-1.505	1.266	-0.912	13.0	N	A	214	 	F	-	0.056	-2.485	2.967	-1.006	-0.59	1.891	-0.397	0.412	6.0	G	
9bce	A	109	 	N	H	0.338	-1.14	-0.752	0.945	0.828	1.299	-0.169	0.933	17.0	R	A	112	 	S	H	0.031	-1.038	-0.84	-0.228	1.399	-4.76	0.67	-2.647	17.0	R	
9bce	A	293	 	S	H	0.577	-1.281	-0.227	-0.228	1.399	-4.76	0.67	-2.647	17.0	R	A	299	 	Q	H	0.283	-1.102	-0.462	0.931	-0.179	-3.005	-0.503	-1.853	15.0	P	VDW
9bce	A	246	 	T	H	0.676	-1.091	-0.794	-0.032	0.326	2.213	0.908	1.313	17.0	R	A	250	 	N	T	0.529	-1.663	0.05	0.945	0.828	1.299	-0.169	0.933	17.0	R	HBOND
9bce	A	246	 	T	H	0.676	-1.091	-0.794	-0.032	0.326	2.213	0.908	1.313	17.0	R	A	250	 	N	T	0.529	-1.663	0.05	0.945	0.828	1.299	-0.169	0.933	17.0	R	VDW
9bce	B	280	 	N	H	0.083	-1.23	-0.628	0.945	0.828	1.299	-0.169	0.933	17.0	R	B	283	 	A	H	0.075	-1.091	-0.773	-0.591	-1.302	-0.733	1.57	-0.146			
9bce	B	93	 	S	E	0.377	-1.923	2.464	-0.228	1.399	-4.76	0.67	-2.647	3.0	D	B	122	 	E	E	0.392	-1.709	2.448	1.357	-1.453	1.477	0.113	-0.837	6.0	G	
9bce	B	280	 	N	H	0.083	-1.23	-0.628	0.945	0.828	1.299	-0.169	0.933	17.0	R	B	284	 	F	H	0.005	-1.127	-0.818	-1.006	-0.59	1.891	-0.397	0.412	15.0	P	HBOND
9bce	B	181	 	P	G	0.059	-0.994	-0.608	0.189	2.081	-1.628	0.421	-1.392			B	184	 	L	G	0.006	-1.107	-0.368	-1.019	-0.987	-1.505	1.266	-0.912	13.0	N	HBOND
9bce	A	281	 	I	H	0.024	-1.085	-0.907	-1.239	-0.547	2.131	0.393	0.816	17.0	R	A	285	 	L	H	0.006	-1.139	-0.665	-1.019	-0.987	-1.505	1.266	-0.912	15.0	P	HBOND
9bce	B	171	 	Y	H	0.032	-1.052	-0.829	0.26	0.83	3.097	-0.838	1.512	9.0	J	B	187	 	H	S	0.06	-2.113	2.689	0.336	-0.417	-1.673	-1.474	-0.078	18.0	S	PIPISTACK
9bce	B	171	 	Y	H	0.032	-1.052	-0.829	0.26	0.83	3.097	-0.838	1.512	9.0	J	B	187	 	H	S	0.06	-2.113	2.689	0.336	-0.417	-1.673	-1.474	-0.078	18.0	S	HBOND
9bce	B	156	 	R	E	0.315	-2.298	2.225	1.538	-0.055	1.502	0.44	2.897	2.0	C	B	268	 	Y	E	0.167	-2.154	2.721	0.26	0.83	3.097	-0.838	1.512	10.0	K	VDW
9bce	B	164	 	I	E	0.183	-2.481	2.619	-1.239	-0.547	2.131	0.393	0.816	4.0	E	B	237	 	A	E	0.0	-2.399		-0.591	-1.302	-0.733	1.57	-0.146			
9bce	B	296	 	E	T	0.763	-1.241	0.065	1.357	-1.453	1.477	0.113	-0.837	12.0	M	B	299	 	Q	T	0.525	-1.718	-0.003	0.931	-0.179	-3.005	-0.503	-1.853	11.0	L	HBOND
9bce	B	171	 	Y	H	0.032	-1.052	-0.829	0.26	0.83	3.097	-0.838	1.512	9.0	J	B	174	 	T	H	0.817	-1.346	-0.741	-0.032	0.326	2.213	0.908	1.313	17.0	R	
9bce	B	193	 	G	-	0.095	-3.046	2.871	-0.384	1.652	1.33	1.045	2.064	2.0	C	B	197	 	S	-	0.292	-1.375	2.276	-0.228	1.399	-4.76	0.67	-2.647	2.0	C	VDW
9bce	A	241	 	N	T	0.35	-1.232	-0.169	0.945	0.828	1.299	-0.169	0.933	1.0	B	A	245	 	K	H	0.639	-0.979	-0.828	1.831	-0.561	0.533	-0.277	1.648	17.0	R	
9bce	A	141	 	I	E	0.0	-2.228	2.459	-1.239	-0.547	2.131	0.393	0.816	8.0	I	A	270	 	V	E	0.0	-2.142	2.608	-1.337	-0.279	-0.544	1.242	-1.262	10.0	K	
9bce	B	95	 	R	E	0.129	-2.017	2.099	1.538	-0.055	1.502	0.44	2.897	3.0	D	B	140	 	D	S	0.104	-1.439	-0.653	1.05	0.302	-3.656	-0.259	-3.242	13.0	N	HBOND
9bce	A	194	 	T	-	0.275	-1.699	-2.894	-0.032	0.326	2.213	0.908	1.313	2.0	C	B	126	 	Q	E	0.025	-2.114	2.019	0.931	-0.179	-3.005	-0.503	-1.853	2.0	C	VDW
9bce	B	229	 	L	H	0.0	-1.181	-0.645	-1.019	-0.987	-1.505	1.266	-0.912	17.0	R	B	234	 	F	-	0.122	-1.468	-0.262	-1.006	-0.59	1.891	-0.397	0.412	14.0	O	HBOND
9bce	B	185	 	S	G	0.462	-1.041	-0.447	-0.228	1.399	-4.76	0.67	-2.647	13.0	N	B	213	 	S	E	0.4	-1.783	-3.103	-0.228	1.399	-4.76	0.67	-2.647	5.0	F	
9bce	A	139	 	Y	-	0.072	-1.407	2.635	0.26	0.83	3.097	-0.838	1.512	6.0	G	A	275	 	R	-	0.206	-2.028	2.089	1.538	-0.055	1.502	0.44	2.897	2.0	C	HBOND
9bce	A	107	 	I	H	0.006	-1.104	-0.695	-1.239	-0.547	2.131	0.393	0.816	17.0	R	A	110	 	L	H	0.012	-1.196	-0.668	-1.019	-0.987	-1.505	1.266	-0.912	9.0	J	
9bce	B	283	 	A	H	0.075	-1.091	-0.773	-0.591	-1.302	-0.733	1.57	-0.146			B	287	 	F	H	0.091	-1.153	-0.667	-1.006	-0.59	1.891	-0.397	0.412	15.0	P	HBOND
9bce	B	283	 	A	H	0.075	-1.091	-0.773	-0.591	-1.302	-0.733	1.57	-0.146			B	287	 	F	H	0.091	-1.153	-0.667	-1.006	-0.59	1.891	-0.397	0.412	15.0	P	VDW
9bce	A	122	 	E	E	0.402	-1.793	2.315	1.357	-1.453	1.477	0.113	-0.837	2.0	C	B	216	 	R	E	0.246	-1.473	1.404	1.538	-0.055	1.502	0.44	2.897	2.0	C	
9bce	A	218	 	V	E	0.0	-2.429	2.44	-1.337	-0.279	-0.544	1.242	-1.262	6.0	G	B	123	 	L	E	0.0	-1.974	2.475	-1.019	-0.987	-1.505	1.266	-0.912	19.0	T	
9bce	B	150	 	S	T	0.9	-1.088	-0.435	-0.228	1.399	-4.76	0.67	-2.647	12.0	M	B	153	 	L	-	0.909	-1.441	-0.402	-1.019	-0.987	-1.505	1.266	-0.912	12.0	M	VDW
9bce	A	111	 	C	H	0.007	-1.205	-0.66	-1.343	0.465	-0.862	-1.02	-0.255			A	114	 	F	H	0.0	-1.089		-1.006	-0.59	1.891	-0.397	0.412			
9bce	A	126	 	Q	E	0.025	-2.164	2.083	0.931	-0.179	-3.005	-0.503	-1.853	6.0	G	B	193	 	G	-	0.095	-3.046	2.871	-0.384	1.652	1.33	1.045	2.064	2.0	C	HBOND
9bce	A	126	 	Q	E	0.025	-2.164	2.083	0.931	-0.179	-3.005	-0.503	-1.853	6.0	G	B	193	 	G	-	0.095	-3.046	2.871	-0.384	1.652	1.33	1.045	2.064	2.0	C	VDW
9bce	B	101	 	S	T	0.154	-1.246	-0.179	-0.228	1.399	-4.76	0.67	-2.647	13.0	N	B	223	 	P	H	0.324	-1.072	-0.508	0.189	2.081	-1.628	0.421	-1.392			VDW
9bce	B	130	 	N	S	0.325	-1.076	2.505	0.945	0.828	1.299	-0.169	0.933	2.0	C	B	137	 	E	-	0.613		0.512	1.357	-1.453	1.477	0.113	-0.837	12.0	M	
9bce	A	167	 	A	E	0.0	-2.58	2.87	-0.591	-1.302	-0.733	1.57	-0.146	0.0	A	A	254	 	V	E	0.359	-2.216	2.203	-1.337	-0.279	-0.544	1.242	-1.262	2.0	C	HBOND
9bce	A	167	 	A	E	0.0	-2.58	2.87	-0.591	-1.302	-0.733	1.57	-0.146	0.0	A	A	254	 	V	E	0.359	-2.216	2.203	-1.337	-0.279	-0.544	1.242	-1.262	2.0	C	VDW
9bce	B	193	 	G	-	0.095	-3.046	2.871	-0.384	1.652	1.33	1.045	2.064	2.0	C	B	221	 	N	S	0.032	-1.772	0.514	0.945	0.828	1.299	-0.169	0.933	11.0	L	
9bce	B	197	 	S	-	0.292	-1.375	2.276	-0.228	1.399	-4.76	0.67	-2.647	2.0	C	B	219	 	R	E	0.069	-2.071	2.355	1.538	-0.055	1.502	0.44	2.897	19.0	T	HBOND
9bce	B	291	 	R	H	0.093	-1.199	-0.826	1.538	-0.055	1.502	0.44	2.897	12.0	M	B	295	 	Q	S	0.364	3.077	2.996	0.931	-0.179	-3.005	-0.503	-1.853	6.0	G	VDW
9bce	A	171	 	Y	H	0.023	-1.079	-0.878	0.26	0.83	3.097	-0.838	1.512	9.0	J	A	233	 	D	T	0.491	1.394	0.301	1.05	0.302	-3.656	-0.259	-3.242	11.0	L	
9bce	A	278	 	A	-	0.264	-1.768	0.57	-0.591	-1.302	-0.733	1.57	-0.146	1.0	B	A	282	 	S	H	0.254	-1.114	-0.663	-0.228	1.399	-4.76	0.67	-2.647	17.0	R	HBOND
9bce	A	278	 	A	-	0.264	-1.768	0.57	-0.591	-1.302	-0.733	1.57	-0.146	1.0	B	A	282	 	S	H	0.254	-1.114	-0.663	-0.228	1.399	-4.76	0.67	-2.647	17.0	R	VDW
9bce	B	281	 	I	H	0.006	-1.111	-0.846	-1.239	-0.547	2.131	0.393	0.816	17.0	R	B	285	 	L	H	0.012	-1.178	-0.626	-1.019	-0.987	-1.505	1.266	-0.912	15.0	P	HBOND
9bce	A	124	 	D	E	0.012	-2.247	1.894	1.05	0.302	-3.656	-0.259	-3.242	6.0	G	B	219	 	R	E	0.069	-2.071	2.355	1.538	-0.055	1.502	0.44	2.897	19.0	T	IONIC
9bce	A	124	 	D	E	0.012	-2.247	1.894	1.05	0.302	-3.656	-0.259	-3.242	6.0	G	B	219	 	R	E	0.069	-2.071	2.355	1.538	-0.055	1.502	0.44	2.897	19.0	T	HBOND
9bce	A	290	 	K	H	0.766	-1.059	-0.801	1.831	-0.561	0.533	-0.277	1.648	17.0	R	A	294	 	S	H	0.662	-1.883	0.012	-0.228	1.399	-4.76	0.67	-2.647	17.0	R	
9bce	A	295	 	Q	-	0.278	-2.134	1.841	0.931	-0.179	-3.005	-0.503	-1.853	2.0	C	A	298	 	L	H	0.03	-1.505	-0.577	-1.019	-0.987	-1.505	1.266	-0.912	15.0	P	HBOND
9bce	A	295	 	Q	-	0.278	-2.134	1.841	0.931	-0.179	-3.005	-0.503	-1.853	2.0	C	A	298	 	L	H	0.03	-1.505	-0.577	-1.019	-0.987	-1.505	1.266	-0.912	15.0	P	VDW
9bce	A	129	 	D	-	0.387	-1.827	0.044	1.05	0.302	-3.656	-0.259	-3.242	12.0	M	A	221	 	N	S	0.032	-1.681	0.703	0.945	0.828	1.299	-0.169	0.933	11.0	L	HBOND
9bce	B	189	 	G	E	0.0	-2.055	2.666	-0.384	1.652	1.33	1.045	2.064			B	236	 	I	E	0.0	-1.557	2.433	-1.239	-0.547	2.131	0.393	0.816	10.0	K	
9bce	A	285	 	L	H	0.006	-1.139	-0.665	-1.019	-0.987	-1.505	1.266	-0.912	15.0	P	A	289	 	V	H	0.352	-1.205	-0.736	-1.337	-0.279	-0.544	1.242	-1.262	11.0	L	HBOND
9bce	B	168	 	S	-	0.008	-1.319	2.738	-0.228	1.399	-4.76	0.67	-2.647	4.0	E	B	171	 	Y	H	0.032	-1.052	-0.829	0.26	0.83	3.097	-0.838	1.512	9.0	J	HBOND
9bce	B	168	 	S	-	0.008	-1.319	2.738	-0.228	1.399	-4.76	0.67	-2.647	4.0	E	B	171	 	Y	H	0.032	-1.052	-0.829	0.26	0.83	3.097	-0.838	1.512	9.0	J	VDW
9bce	A	92	 	G	E	0.464	1.769	-2.516	-0.384	1.652	1.33	1.045	2.064	3.0	D	A	121	 	V	E	0.0	-1.87	2.311	-1.337	-0.279	-0.544	1.242	-1.262	19.0	T	
9bce	A	189	 	G	E	0.0	-2.043	2.626	-0.384	1.652	1.33	1.045	2.064			A	215	 	Q	E	0.389	-1.316	2.201	0.931	-0.179	-3.005	-0.503	-1.853	6.0	G	HBOND
9bce	A	284	 	F	H	0.015	-1.173	-0.841	-1.006	-0.59	1.891	-0.397	0.412	15.0	P	A	287	 	F	H	0.076	-1.096	-0.74	-1.006	-0.59	1.891	-0.397	0.412	15.0	P	
9bce	B	156	 	R	E	0.315	-2.298	2.225	1.538	-0.055	1.502	0.44	2.897	2.0	C	B	285	 	L	H	0.012	-1.178	-0.626	-1.019	-0.987	-1.505	1.266	-0.912	15.0	P	
9bce	A	229	 	L	H	0.0	-1.182	-0.639	-1.019	-0.987	-1.505	1.266	-0.912	17.0	R	A	234	 	F	S	0.142	-1.477	-0.264	-1.006	-0.59	1.891	-0.397	0.412	14.0	O	HBOND
9bce	A	229	 	L	H	0.0	-1.182	-0.639	-1.019	-0.987	-1.505	1.266	-0.912	17.0	R	A	234	 	F	S	0.142	-1.477	-0.264	-1.006	-0.59	1.891	-0.397	0.412	14.0	O	VDW
9bce	A	189	 	G	E	0.0	-2.043	2.626	-0.384	1.652	1.33	1.045	2.064			A	236	 	I	E	0.006	-1.489	2.487	-1.239	-0.547	2.131	0.393	0.816	10.0	K	
9bce	B	278	 	A	-	0.142	-1.165	2.136	-0.591	-1.302	-0.733	1.57	-0.146	12.0	M	B	282	 	S	H	0.438	-1.058	-0.75	-0.228	1.399	-4.76	0.67	-2.647	17.0	R	HBOND
9bce	B	110	 	L	H	0.012	-1.158	-0.831	-1.019	-0.987	-1.505	1.266	-0.912	9.0	J	B	113	 	G	H	0.071	-1.116	-0.635	-0.384	1.652	1.33	1.045	2.064	17.0	R	
9bce	A	113	 	G	H	0.083	-1.088	-0.701	-0.384	1.652	1.33	1.045	2.064	17.0	R	A	287	 	F	H	0.076	-1.096	-0.74	-1.006	-0.59	1.891	-0.397	0.412	15.0	P	VDW
9bce	A	135	 	V	S	0.423	-2.262	2.815	-1.337	-0.279	-0.544	1.242	-1.262	2.0	C	A	272	 	S	E	0.008	-1.359	2.415	-0.228	1.399	-4.76	0.67	-2.647	5.0	F	
9bce	B	290	 	K	H	0.332	-1.15	-0.621	1.831	-0.561	0.533	-0.277	1.648	1.0	B	B	293	 	S	T	0.554	-2.074	-0.635	-0.228	1.399	-4.76	0.67	-2.647	12.0	M	
9bce	B	154	 	V	S	0.289	-2.333	2.171	-1.337	-0.279	-0.544	1.242	-1.262	2.0	C	B	271	 	Y	-	0.234	-2.607	2.861	0.26	0.83	3.097	-0.838	1.512	5.0	F	HBOND
9bce	A	187	 	H	S	0.082	-2.107	2.67	0.336	-0.417	-1.673	-1.474	-0.078	18.0	S	A	215	 	Q	E	0.389	-1.316	2.201	0.931	-0.179	-3.005	-0.503	-1.853	6.0	G	HBOND
9bce	A	187	 	H	S	0.082	-2.107	2.67	0.336	-0.417	-1.673	-1.474	-0.078	18.0	S	A	215	 	Q	E	0.389	-1.316	2.201	0.931	-0.179	-3.005	-0.503	-1.853	6.0	G	VDW
9bce	A	216	 	R	E	0.23	-1.467	1.367	1.538	-0.055	1.502	0.44	2.897	2.0	C	B	122	 	E	E	0.392	-1.709	2.448	1.357	-1.453	1.477	0.113	-0.837	6.0	G	
9bce	A	161	 	R	E	0.125	-2.379	2.716	1.538	-0.055	1.502	0.44	2.897	4.0	E	A	264	 	P	P	0.331	-1.113	2.826	0.189	2.081	-1.628	0.421	-1.392	10.0	K	VDW
9bce	B	106	 	L	H	0.146	-1.136	-0.809	-1.019	-0.987	-1.505	1.266	-0.912	9.0	J	B	110	 	L	H	0.012	-1.158	-0.831	-1.019	-0.987	-1.505	1.266	-0.912	9.0	J	HBOND
9bce	B	106	 	L	H	0.146	-1.136	-0.809	-1.019	-0.987	-1.505	1.266	-0.912	9.0	J	B	110	 	L	H	0.012	-1.158	-0.831	-1.019	-0.987	-1.505	1.266	-0.912	9.0	J	VDW
9bce	A	204	 	G	-	0.048	-2.925	2.669	-0.384	1.652	1.33	1.045	2.064	0.0	A	A	261	 	P	P	0.412	-1.216		0.189	2.081	-1.628	0.421	-1.392			HBOND
9bce	B	107	 	I	H	0.006	-1.151	-0.597	-1.239	-0.547	2.131	0.393	0.816	17.0	R	B	110	 	L	H	0.012	-1.158	-0.831	-1.019	-0.987	-1.505	1.266	-0.912	9.0	J	VDW
9bce	A	296	 	E	H	0.711	-1.046	-0.63	1.357	-1.453	1.477	0.113	-0.837	15.0	P	A	300	 	S	T	0.431	-1.256	-0.216	-0.228	1.399	-4.76	0.67	-2.647	11.0	L	VDW
9bce	B	244	 	C	T	0.022	-2.366	0.562	-1.343	0.465	-0.862	-1.02	-0.255	1.0	B	B	247	 	E	H	0.186	-1.126	-0.579	1.357	-1.453	1.477	0.113	-0.837	1.0	B	VDW
9bce	B	98	 	I	E	0.006	-2.392	2.292	-1.239	-0.547	2.131	0.393	0.816	3.0	D	B	127	 	F	E	0.0	-1.364	2.003	-1.006	-0.59	1.891	-0.397	0.412	6.0	G	
9bce	A	101	 	S	T	0.115	-1.276	-0.158	-0.228	1.399	-4.76	0.67	-2.647	13.0	N	A	223	 	P	H	0.257	-1.072	-0.469	0.189	2.081	-1.628	0.421	-1.392			VDW
9bce	A	112	 	S	H	0.031	-1.038	-0.84	-0.228	1.399	-4.76	0.67	-2.647	17.0	R	B	234	 	F	-	0.122	-1.468	-0.262	-1.006	-0.59	1.891	-0.397	0.412	14.0	O	VDW
9bce	B	98	 	I	E	0.006	-2.392	2.292	-1.239	-0.547	2.131	0.393	0.816	3.0	D	B	128	 	T	-	0.169	-2.736	2.573	-0.032	0.326	2.213	0.908	1.313	2.0	C	HBOND
9bce	A	176	 	G	-	0.405	1.518	2.905	-0.384	1.652	1.33	1.045	2.064	11.0	L	A	187	 	H	S	0.082	-2.107	2.67	0.336	-0.417	-1.673	-1.474	-0.078	18.0	S	
9bce	A	248	 	L	H	0.274	-1.22	-0.768	-1.019	-0.987	-1.505	1.266	-0.912	12.0	M	A	251	 	G	T	0.393	1.582	0.057	-0.384	1.652	1.33	1.045	2.064	14.0	O	HBOND
9bce	A	156	 	R	E	0.48	-2.003	2.352	1.538	-0.055	1.502	0.44	2.897	2.0	C	A	269	 	G	E	0.0	-1.825	2.197	-0.384	1.652	1.33	1.045	2.064	10.0	K	HBOND
9bce	A	90	 	V	-	0.183	-1.732	1.889	-1.337	-0.279	-0.544	1.242	-1.262	13.0	N	A	280	 	N	H	0.166	-1.122	-0.675	0.945	0.828	1.299	-0.169	0.933	11.0	L	VDW
9bce	A	104	 	Q	H	0.051	-1.211	-0.615	0.931	-0.179	-3.005	-0.503	-1.853	12.0	M	A	107	 	I	H	0.006	-1.104	-0.695	-1.239	-0.547	2.131	0.393	0.816	17.0	R	
9bce	A	158	 	L	E	0.049	-1.554	-0.759	-1.019	-0.987	-1.505	1.266	-0.912	13.0	N	A	267	 	V	E	0.0	-2.007	2.137	-1.337	-0.279	-0.544	1.242	-1.262	7.0	H	HBOND
9bce	A	221	 	N	S	0.032	-1.681	0.703	0.945	0.828	1.299	-0.169	0.933	11.0	L	B	127	 	F	E	0.0	-1.364	2.003	-1.006	-0.59	1.891	-0.397	0.412	6.0	G	HBOND
9bce	A	96	 	I	E	0.0	-2.281	2.222	-1.239	-0.547	2.131	0.393	0.816	3.0	D	A	141	 	I	E	0.0	-2.228	2.459	-1.239	-0.547	2.131	0.393	0.816	8.0	I	VDW
9bce	A	169	 	P	H	0.456	-0.962	-0.633	0.189	2.081	-1.628	0.421	-1.392	12.0	M	A	173	 	K	H	1.0	-1.124	-0.533	1.831	-0.561	0.533	-0.277	1.648	17.0	R	HBOND
9bce	A	169	 	P	H	0.456	-0.962	-0.633	0.189	2.081	-1.628	0.421	-1.392	12.0	M	A	173	 	K	H	1.0	-1.124	-0.533	1.831	-0.561	0.533	-0.277	1.648	17.0	R	VDW
9bce	B	172	 	L	H	0.11	-1.144	-0.575	-1.019	-0.987	-1.505	1.266	-0.912	1.0	B	B	176	 	G	-	0.393	1.487	2.899	-0.384	1.652	1.33	1.045	2.064	11.0	L	HBOND
9bce	A	126	 	Q	E	0.025	-2.164	2.083	0.931	-0.179	-3.005	-0.503	-1.853	6.0	G	A	139	 	Y	-	0.072	-1.407	2.635	0.26	0.83	3.097	-0.838	1.512	6.0	G	
9bce	A	104	 	Q	H	0.051	-1.211	-0.615	0.931	-0.179	-3.005	-0.503	-1.853	12.0	M	A	108	 	A	H	0.019	-1.049	-0.776	-0.591	-1.302	-0.733	1.57	-0.146	17.0	R	HBOND
9bce	A	93	 	S	E	0.538	-2.036	2.532	-0.228	1.399	-4.76	0.67	-2.647	3.0	D	A	122	 	E	E	0.402	-1.793	2.315	1.357	-1.453	1.477	0.113	-0.837	2.0	C	VDW
9bce	A	152	 	D	T	0.546	1.228	-0.052	1.05	0.302	-3.656	-0.259	-3.242	13.0	N	A	273	 	S	S	0.477	-1.155	-0.729	-0.228	1.399	-4.76	0.67	-2.647	12.0	M	HBOND
9bce	B	104	 	Q	H	0.045	-1.19	-0.616	0.931	-0.179	-3.005	-0.503	-1.853	12.0	M	B	107	 	I	H	0.006	-1.151	-0.597	-1.239	-0.547	2.131	0.393	0.816	17.0	R	
9bce	B	246	 	T	H	0.669	-1.067	-0.887	-0.032	0.326	2.213	0.908	1.313	12.0	M	B	249	 	A	H	0.802	-1.127	-0.615	-0.591	-1.302	-0.733	1.57	-0.146	17.0	R	VDW
9bce	B	179	 	A	S	0.613	-1.525	-0.474	-0.591	-1.302	-0.733	1.57	-0.146	12.0	M	B	183	 	E	G	0.294	-1.305	-0.186	1.357	-1.453	1.477	0.113	-0.837	17.0	R	HBOND
9bce	B	179	 	A	S	0.613	-1.525	-0.474	-0.591	-1.302	-0.733	1.57	-0.146	12.0	M	B	183	 	E	G	0.294	-1.305	-0.186	1.357	-1.453	1.477	0.113	-0.837	17.0	R	VDW
9bce	A	91	 	S	-	0.385	-2.858	2.879	-0.228	1.399	-4.76	0.67	-2.647	0.0	A	A	280	 	N	H	0.166	-1.122	-0.675	0.945	0.828	1.299	-0.169	0.933	11.0	L	HBOND
9bce	B	166	 	V	E	0.014	-2.444	2.797	-1.337	-0.279	-0.544	1.242	-1.262	8.0	I	B	254	 	V	E	0.352	-2.155	2.191	-1.337	-0.279	-0.544	1.242	-1.262	2.0	C	VDW
9bce	A	106	 	L	H	0.0	-1.112	-0.815	-1.019	-0.987	-1.505	1.266	-0.912	9.0	J	A	110	 	L	H	0.012	-1.196	-0.668	-1.019	-0.987	-1.505	1.266	-0.912	9.0	J	HBOND
9bce	A	106	 	L	H	0.0	-1.112	-0.815	-1.019	-0.987	-1.505	1.266	-0.912	9.0	J	A	110	 	L	H	0.012	-1.196	-0.668	-1.019	-0.987	-1.505	1.266	-0.912	9.0	J	VDW
9bce	A	181	 	P	G	0.147	-1.011	-0.597	0.189	2.081	-1.628	0.421	-1.392			A	184	 	L	G	0.0	-1.111	-0.413	-1.019	-0.987	-1.505	1.266	-0.912	13.0	N	HBOND
9bce	A	171	 	Y	H	0.023	-1.079	-0.878	0.26	0.83	3.097	-0.838	1.512	9.0	J	A	175	 	R	H	0.383	-1.598	-0.208	1.538	-0.055	1.502	0.44	2.897	12.0	M	HBOND
9bce	A	99	 	P	-	0.118	-1.045	2.612	0.189	2.081	-1.628	0.421	-1.392	0.0	A	A	128	 	T	-	0.19	-2.702	2.56	-0.032	0.326	2.213	0.908	1.313	2.0	C	
9bce	B	105	 	E	H	0.716	-1.019	-0.814	1.357	-1.453	1.477	0.113	-0.837	17.0	R	B	109	 	N	H	0.471	-1.069	-0.668	0.945	0.828	1.299	-0.169	0.933	17.0	R	HBOND
9bce	A	126	 	Q	E	0.025	-2.164	2.083	0.931	-0.179	-3.005	-0.503	-1.853	6.0	G	B	194	 	T	-	0.352	-1.665	-2.935	-0.032	0.326	2.213	0.908	1.313	2.0	C	VDW
9bce	A	160	 	E	E	0.464	-2.362	2.598	1.357	-1.453	1.477	0.113	-0.837	8.0	I	A	266	 	K	E	0.254	-2.156	2.422	1.831	-0.561	0.533	-0.277	1.648	7.0	H	IONIC
9bce	A	160	 	E	E	0.464	-2.362	2.598	1.357	-1.453	1.477	0.113	-0.837	8.0	I	A	266	 	K	E	0.254	-2.156	2.422	1.831	-0.561	0.533	-0.277	1.648	7.0	H	HBOND
9bce	A	160	 	E	E	0.464	-2.362	2.598	1.357	-1.453	1.477	0.113	-0.837	8.0	I	A	266	 	K	E	0.254	-2.156	2.422	1.831	-0.561	0.533	-0.277	1.648	7.0	H	VDW
9bce	A	247	 	E	H	0.18	-1.206	-0.557	1.357	-1.453	1.477	0.113	-0.837	1.0	B	A	252	 	Q	S	0.495	-1.346	-0.28	0.931	-0.179	-3.005	-0.503	-1.853	15.0	P	HBOND
9bce	A	296	 	E	H	0.711	-1.046	-0.63	1.357	-1.453	1.477	0.113	-0.837	15.0	P	A	299	 	Q	H	0.283	-1.102	-0.462	0.931	-0.179	-3.005	-0.503	-1.853	15.0	P	HBOND
9bce	A	296	 	E	H	0.711	-1.046	-0.63	1.357	-1.453	1.477	0.113	-0.837	15.0	P	A	299	 	Q	H	0.283	-1.102	-0.462	0.931	-0.179	-3.005	-0.503	-1.853	15.0	P	VDW
9bce	B	188	 	S	E	0.085	-1.395	2.259	-0.228	1.399	-4.76	0.67	-2.647	3.0	D	B	234	 	F	-	0.122	-1.468	-0.262	-1.006	-0.59	1.891	-0.397	0.412	14.0	O	
9bce	B	204	 	G	-	0.048	1.636	2.909	-0.384	1.652	1.33	1.045	2.064	0.0	A	B	261	 	P	P	0.375	-1.197		0.189	2.081	-1.628	0.421	-1.392			HBOND
9bce	B	204	 	G	-	0.048	1.636	2.909	-0.384	1.652	1.33	1.045	2.064	0.0	A	B	261	 	P	P	0.375	-1.197		0.189	2.081	-1.628	0.421	-1.392			VDW
9bce	B	275	 	R	G	0.407	-1.891	0.426	1.538	-0.055	1.502	0.44	2.897	1.0	B	B	278	 	A	-	0.142	-1.165	2.136	-0.591	-1.302	-0.733	1.57	-0.146	12.0	M	HBOND
9bce	A	179	 	A	-	0.594	-1.61	-0.432	-0.591	-1.302	-0.733	1.57	-0.146	13.0	N	A	183	 	E	G	0.397	-1.265	-0.249	1.357	-1.453	1.477	0.113	-0.837	17.0	R	HBOND
9bce	B	176	 	G	-	0.393	1.487	2.899	-0.384	1.652	1.33	1.045	2.064	11.0	L	B	187	 	H	S	0.06	-2.113	2.689	0.336	-0.417	-1.673	-1.474	-0.078	18.0	S	
9bce	B	169	 	P	H	0.5	-1.054	-0.594	0.189	2.081	-1.628	0.421	-1.392	12.0	M	B	173	 	K	H	0.922	-1.146	-0.703	1.831	-0.561	0.533	-0.277	1.648	17.0	R	HBOND
9bce	B	165	 	L	E	0.018	-1.522	2.302	-1.019	-0.987	-1.505	1.266	-0.912	8.0	I	B	256	 	I	-	0.041	-2.248	2.859	-1.239	-0.547	2.131	0.393	0.816	5.0	F	HBOND
9bce	B	165	 	L	E	0.018	-1.522	2.302	-1.019	-0.987	-1.505	1.266	-0.912	8.0	I	B	256	 	I	-	0.041	-2.248	2.859	-1.239	-0.547	2.131	0.393	0.816	5.0	F	VDW
9bce	B	203	 	L	E	0.0	-2.241	2.499	-1.019	-0.987	-1.505	1.266	-0.912	18.0	S	B	210	 	T	E	0.373	-2.709		-0.032	0.326	2.213	0.908	1.313			HBOND
9bce	A	228	 	Q	H	0.323	-1.062	-0.742	0.931	-0.179	-3.005	-0.503	-1.853	17.0	R	A	231	 	L	H	0.25	-1.052	-0.531	-1.019	-0.987	-1.505	1.266	-0.912	9.0	J	
9bce	B	171	 	Y	H	0.032	-1.052	-0.829	0.26	0.83	3.097	-0.838	1.512	9.0	J	B	235	 	G	-	0.0	2.612	-2.874	-0.384	1.652	1.33	1.045	2.064	16.0	Q	
9bce	A	188	 	S	E	0.077	-1.332	2.269	-0.228	1.399	-4.76	0.67	-2.647	3.0	D	A	235	 	G	-	0.0	2.819	-3.018	-0.384	1.652	1.33	1.045	2.064	5.0	F	
9bce	A	165	 	L	E	0.055	-1.479	2.259	-1.019	-0.987	-1.505	1.266	-0.912	8.0	I	A	256	 	I	-	0.041	-2.321	2.887	-1.239	-0.547	2.131	0.393	0.816	5.0	F	HBOND
9bce	A	165	 	L	E	0.055	-1.479	2.259	-1.019	-0.987	-1.505	1.266	-0.912	8.0	I	A	256	 	I	-	0.041	-2.321	2.887	-1.239	-0.547	2.131	0.393	0.816	5.0	F	VDW
9bce	B	156	 	R	E	0.315	-2.298	2.225	1.538	-0.055	1.502	0.44	2.897	2.0	C	B	286	 	D	H	0.521	-1.048	-0.793	1.05	0.302	-3.656	-0.259	-3.242	17.0	R	HBOND
9bce	B	156	 	R	E	0.315	-2.298	2.225	1.538	-0.055	1.502	0.44	2.897	2.0	C	B	286	 	D	H	0.521	-1.048	-0.793	1.05	0.302	-3.656	-0.259	-3.242	17.0	R	VDW
9bce	A	183	 	E	G	0.397	-1.265	-0.249	1.357	-1.453	1.477	0.113	-0.837	17.0	R	A	186	 	D	G	0.663	-1.723	0.158	1.05	0.302	-3.656	-0.259	-3.242	17.0	R	HBOND
9bce	A	183	 	E	G	0.397	-1.265	-0.249	1.357	-1.453	1.477	0.113	-0.837	17.0	R	A	186	 	D	G	0.663	-1.723	0.158	1.05	0.302	-3.656	-0.259	-3.242	17.0	R	VDW
9bce	A	168	 	S	-	0.015	-1.346	2.731	-0.228	1.399	-4.76	0.67	-2.647	4.0	E	A	233	 	D	T	0.491	1.394	0.301	1.05	0.302	-3.656	-0.259	-3.242	11.0	L	HBOND
9bce	A	168	 	S	-	0.015	-1.346	2.731	-0.228	1.399	-4.76	0.67	-2.647	4.0	E	A	233	 	D	T	0.491	1.394	0.301	1.05	0.302	-3.656	-0.259	-3.242	11.0	L	VDW
9bce	A	100	 	V	T	0.007	-1.12	-0.439	-1.337	-0.279	-0.544	1.242	-1.262	9.0	J	A	129	 	D	-	0.387	-1.827	0.044	1.05	0.302	-3.656	-0.259	-3.242	12.0	M	HBOND
9bce	A	100	 	V	T	0.007	-1.12	-0.439	-1.337	-0.279	-0.544	1.242	-1.262	9.0	J	A	129	 	D	-	0.387	-1.827	0.044	1.05	0.302	-3.656	-0.259	-3.242	12.0	M	VDW
9bce	A	219	 	R	E	0.073	-2.127	2.337	1.538	-0.055	1.502	0.44	2.897	19.0	T	B	123	 	L	E	0.0	-1.974	2.475	-1.019	-0.987	-1.505	1.266	-0.912	19.0	T	HBOND
9bce	A	97	 	A	E	0.038	-1.803	2.396	-0.591	-1.302	-0.733	1.57	-0.146	3.0	D	A	141	 	I	E	0.0	-2.228	2.459	-1.239	-0.547	2.131	0.393	0.816	8.0	I	HBOND
9bce	A	161	 	R	E	0.125	-2.379	2.716	1.538	-0.055	1.502	0.44	2.897	4.0	E	A	265	 	F	E	0.249	-2.018	2.65	-1.006	-0.59	1.891	-0.397	0.412	10.0	K	HBOND
9bce	A	161	 	R	E	0.125	-2.379	2.716	1.538	-0.055	1.502	0.44	2.897	4.0	E	A	265	 	F	E	0.249	-2.018	2.65	-1.006	-0.59	1.891	-0.397	0.412	10.0	K	VDW
9bce	B	95	 	R	E	0.129	-2.017	2.099	1.538	-0.055	1.502	0.44	2.897	3.0	D	B	141	 	I	E	0.0	-2.332	2.388	-1.239	-0.547	2.131	0.393	0.816	8.0	I	HBOND
9bce	A	230	 	A	H	0.0	-1.094	-0.797	-0.591	-1.302	-0.733	1.57	-0.146	14.0	O	A	233	 	D	T	0.491	1.394	0.301	1.05	0.302	-3.656	-0.259	-3.242	11.0	L	HBOND
9bce	B	288	 	F	H	0.0	-1.088	-0.773	-1.006	-0.59	1.891	-0.397	0.412	15.0	P	B	292	 	F	T	0.01	-1.364	0.104	-1.006	-0.59	1.891	-0.397	0.412	1.0	B	PIPISTACK
9bce	B	288	 	F	H	0.0	-1.088	-0.773	-1.006	-0.59	1.891	-0.397	0.412	15.0	P	B	292	 	F	T	0.01	-1.364	0.104	-1.006	-0.59	1.891	-0.397	0.412	1.0	B	HBOND
9bce	B	288	 	F	H	0.0	-1.088	-0.773	-1.006	-0.59	1.891	-0.397	0.412	15.0	P	B	292	 	F	T	0.01	-1.364	0.104	-1.006	-0.59	1.891	-0.397	0.412	1.0	B	VDW
9bce	A	291	 	R	H	0.339	-1.332	-0.745	1.538	-0.055	1.502	0.44	2.897	17.0	R	A	295	 	Q	-	0.278	-2.134	1.841	0.931	-0.179	-3.005	-0.503	-1.853	2.0	C	
9bce	B	92	 	G	E	0.476	1.428	-2.872	-0.384	1.652	1.33	1.045	2.064	3.0	D	B	121	 	V	E	0.0	-1.878	2.318	-1.337	-0.279	-0.544	1.242	-1.262	19.0	T	
9bce	A	201	 	W	E	0.009	-2.058	2.326	-0.595	0.009	0.672	-2.128	-0.184	2.0	C	A	210	 	T	E	0.535	-2.148		-0.032	0.326	2.213	0.908	1.313			
9bce	B	190	 	I	E	0.006	-1.907	1.828	-1.239	-0.547	2.131	0.393	0.816	3.0	D	B	236	 	I	E	0.0	-1.557	2.433	-1.239	-0.547	2.131	0.393	0.816	10.0	K	HBOND
9bce	A	103	 	S	-	0.115	-1.027	2.05	-0.228	1.399	-4.76	0.67	-2.647	2.0	C	A	106	 	L	H	0.0	-1.112	-0.815	-1.019	-0.987	-1.505	1.266	-0.912	9.0	J	HBOND
9bce	B	202	 	P	E	0.375	-1.415	2.16	0.189	2.081	-1.628	0.421	-1.392	4.0	E	B	209	 	K	-	0.605	-1.432	2.254	1.831	-0.561	0.533	-0.277	1.648	16.0	Q	VDW
9bce	B	191	 	L	E	0.037	-1.578	2.203	-1.019	-0.987	-1.505	1.266	-0.912	0.0	A	B	218	 	V	E	0.0	-2.417	2.446	-1.337	-0.279	-0.544	1.242	-1.262	6.0	G	HBOND
9bce	A	240	 	S	E	0.085	-1.185	2.328	-0.228	1.399	-4.76	0.67	-2.647	16.0	Q	A	243	 	A	T	0.236	-1.128	-0.294	-0.591	-1.302	-0.733	1.57	-0.146	9.0	J	HBOND
9bce	A	240	 	S	E	0.085	-1.185	2.328	-0.228	1.399	-4.76	0.67	-2.647	16.0	Q	A	243	 	A	T	0.236	-1.128	-0.294	-0.591	-1.302	-0.733	1.57	-0.146	9.0	J	VDW
9bce	A	244	 	C	T	0.007	-2.209	0.29	-1.343	0.465	-0.862	-1.02	-0.255	1.0	B	A	248	 	L	H	0.274	-1.22	-0.768	-1.019	-0.987	-1.505	1.266	-0.912	12.0	M	HBOND
9bce	B	175	 	R	H	0.363	-1.857	-0.106	1.538	-0.055	1.502	0.44	2.897	13.0	N	B	215	 	Q	E	0.399	-1.311	2.126	0.931	-0.179	-3.005	-0.503	-1.853	6.0	G	HBOND
9bce	A	199	 	P	S	0.301	-1.466	1.188	0.189	2.081	-1.628	0.421	-1.392	13.0	N	A	213	 	S	E	0.492	-1.562	2.743	-0.228	1.399	-4.76	0.67	-2.647	6.0	G	
9bce	A	169	 	P	H	0.456	-0.962	-0.633	0.189	2.081	-1.628	0.421	-1.392	12.0	M	A	252	 	Q	S	0.495	-1.346	-0.28	0.931	-0.179	-3.005	-0.503	-1.853	15.0	P	
9bce	A	175	 	R	H	0.383	-1.598	-0.208	1.538	-0.055	1.502	0.44	2.897	12.0	M	A	188	 	S	E	0.077	-1.332	2.269	-0.228	1.399	-4.76	0.67	-2.647	3.0	D	HBOND
9bce	B	109	 	N	H	0.471	-1.069	-0.668	0.945	0.828	1.299	-0.169	0.933	17.0	R	B	113	 	G	H	0.071	-1.116	-0.635	-0.384	1.652	1.33	1.045	2.064	17.0	R	HBOND
9bce	A	183	 	E	G	0.397	-1.265	-0.249	1.357	-1.453	1.477	0.113	-0.837	17.0	R	A	187	 	H	S	0.082	-2.107	2.67	0.336	-0.417	-1.673	-1.474	-0.078	18.0	S	
9bce	B	228	 	Q	H	0.369	-1.053	-0.733	0.931	-0.179	-3.005	-0.503	-1.853	17.0	R	B	232	 	D	T	0.166	-1.507	0.274	1.05	0.302	-3.656	-0.259	-3.242	17.0	R	HBOND
9bce	B	228	 	Q	H	0.369	-1.053	-0.733	0.931	-0.179	-3.005	-0.503	-1.853	17.0	R	B	232	 	D	T	0.166	-1.507	0.274	1.05	0.302	-3.656	-0.259	-3.242	17.0	R	VDW
9bce	A	181	 	P	G	0.147	-1.011	-0.597	0.189	2.081	-1.628	0.421	-1.392			A	212	 	V	E	0.113		2.051	-1.337	-0.279	-0.544	1.242	-1.262			
9bce	A	116	 	R	H	0.56		-0.565	1.538	-0.055	1.502	0.44	2.897			B	232	 	D	T	0.166	-1.507	0.274	1.05	0.302	-3.656	-0.259	-3.242	17.0	R	HBOND
9bce	B	223	 	P	H	0.324	-1.072	-0.508	0.189	2.081	-1.628	0.421	-1.392			B	227	 	K	H	0.229	-1.146	-0.793	1.831	-0.561	0.533	-0.277	1.648	17.0	R	HBOND
9bce	A	232	 	D	T	0.276	-1.585	0.283	1.05	0.302	-3.656	-0.259	-3.242	17.0	R	B	112	 	S	H	0.008	-1.056	-0.838	-0.228	1.399	-4.76	0.67	-2.647	17.0	R	HBOND
9bce	A	162	 	Q	-	0.313	-1.906	1.882	0.931	-0.179	-3.005	-0.503	-1.853			A	241	 	N	T	0.35	-1.232	-0.169	0.945	0.828	1.299	-0.169	0.933	1.0	B	HBOND
9bce	B	160	 	E	E	0.567	-2.341	2.748	1.357	-1.453	1.477	0.113	-0.837	18.0	S	B	265	 	F	E	0.35	-1.767	2.59	-1.006	-0.59	1.891	-0.397	0.412	10.0	K	
9bce	A	114	 	F	H	0.0	-1.089		-1.006	-0.59	1.891	-0.397	0.412			A	118	 	Y	-	0.284	-2.189	1.442	0.26	0.83	3.097	-0.838	1.512	19.0	T	PIPISTACK
9bce	A	114	 	F	H	0.0	-1.089		-1.006	-0.59	1.891	-0.397	0.412			A	118	 	Y	-	0.284	-2.189	1.442	0.26	0.83	3.097	-0.838	1.512	19.0	T	HBOND
9bce	A	152	 	D	T	0.546	1.228	-0.052	1.05	0.302	-3.656	-0.259	-3.242	13.0	N	A	274	 	R	S	0.597	-1.155	0.004	1.538	-0.055	1.502	0.44	2.897	17.0	R	HBOND
9bce	A	152	 	D	T	0.546	1.228	-0.052	1.05	0.302	-3.656	-0.259	-3.242	13.0	N	A	274	 	R	S	0.597	-1.155	0.004	1.538	-0.055	1.502	0.44	2.897	17.0	R	VDW
9bce	A	154	 	V	E	0.218	-1.836	2.455	-1.337	-0.279	-0.544	1.242	-1.262	2.0	C	A	270	 	V	E	0.0	-2.142	2.608	-1.337	-0.279	-0.544	1.242	-1.262	10.0	K	
9bce	B	96	 	I	E	0.0	-2.241	2.287	-1.239	-0.547	2.131	0.393	0.816	3.0	D	B	126	 	Q	E	0.025	-2.114	2.019	0.931	-0.179	-3.005	-0.503	-1.853	2.0	C	HBOND
9bce	A	95	 	R	E	0.161	-1.962	2.212	1.538	-0.055	1.502	0.44	2.897	3.0	D	A	138	 	G	S	0.25	-1.256	-2.698	-0.384	1.652	1.33	1.045	2.064	16.0	Q	
9bce	A	193	 	G	-	0.107	-3.053	2.929	-0.384	1.652	1.33	1.045	2.064	2.0	C	A	220	 	V	E	0.0	-2.718	2.605	-1.337	-0.279	-0.544	1.242	-1.262	19.0	T	HBOND
9bce	B	156	 	R	E	0.315	-2.298	2.225	1.538	-0.055	1.502	0.44	2.897	2.0	C	B	269	 	G	E	0.0	-1.872	2.133	-0.384	1.652	1.33	1.045	2.064	10.0	K	HBOND
9bce	B	100	 	V	T	0.007	-1.083	-0.413	-1.337	-0.279	-0.544	1.242	-1.262	9.0	J	B	129	 	D	-	0.374	-1.738	0.152	1.05	0.302	-3.656	-0.259	-3.242	12.0	M	HBOND
9bce	A	140	 	D	S	0.123	-1.461	-0.767	1.05	0.302	-3.656	-0.259	-3.242	4.0	E	A	271	 	Y	E	0.081	-2.641	2.907	0.26	0.83	3.097	-0.838	1.512	6.0	G	VDW
9bce	B	248	 	L	H	0.22	-1.193	-0.724	-1.019	-0.987	-1.505	1.266	-0.912	12.0	M	B	251	 	G	T	0.405	1.449	0.042	-0.384	1.652	1.33	1.045	2.064	14.0	O	HBOND
9bce	B	101	 	S	T	0.154	-1.246	-0.179	-0.228	1.399	-4.76	0.67	-2.647	13.0	N	B	145	 	Y	E	0.347	-1.398	2.577	0.26	0.83	3.097	-0.838	1.512	8.0	I	VDW
9bce	A	220	 	V	E	0.0	-2.718	2.605	-1.337	-0.279	-0.544	1.242	-1.262	19.0	T	B	125	 	V	E	0.0	-1.945	2.177	-1.337	-0.279	-0.544	1.242	-1.262	19.0	T	VDW
9bce	A	190	 	I	E	0.006	-1.929	1.785	-1.239	-0.547	2.131	0.393	0.816	3.0	D	A	236	 	I	E	0.006	-1.489	2.487	-1.239	-0.547	2.131	0.393	0.816	10.0	K	HBOND
9bce	A	140	 	D	S	0.123	-1.461	-0.767	1.05	0.302	-3.656	-0.259	-3.242	4.0	E	A	275	 	R	-	0.206	-2.028	2.089	1.538	-0.055	1.502	0.44	2.897	2.0	C	
9bce	A	282	 	S	H	0.254	-1.114	-0.663	-0.228	1.399	-4.76	0.67	-2.647	17.0	R	A	285	 	L	H	0.006	-1.139	-0.665	-1.019	-0.987	-1.505	1.266	-0.912	15.0	P	
9bce	B	132	 	I	-	0.32	-1.271		-1.239	-0.547	2.131	0.393	0.816	2.0	C	B	144	 	K	E	0.112	-2.423	2.575	1.831	-0.561	0.533	-0.277	1.648	2.0	C	
9bce	A	125	 	V	E	0.0	-2.075	2.15	-1.337	-0.279	-0.544	1.242	-1.262	19.0	T	B	219	 	R	E	0.069	-2.071	2.355	1.538	-0.055	1.502	0.44	2.897	19.0	T	HBOND
9bce	A	160	 	E	E	0.464	-2.362	2.598	1.357	-1.453	1.477	0.113	-0.837	8.0	I	A	265	 	F	E	0.249	-2.018	2.65	-1.006	-0.59	1.891	-0.397	0.412	10.0	K	
9bce	A	123	 	L	E	0.006	-1.859	2.517	-1.019	-0.987	-1.505	1.266	-0.912	19.0	T	B	218	 	V	E	0.0	-2.417	2.446	-1.337	-0.279	-0.544	1.242	-1.262	6.0	G	
9bce	B	95	 	R	E	0.129	-2.017	2.099	1.538	-0.055	1.502	0.44	2.897	3.0	D	B	124	 	D	E	0.012	-2.304	1.765	1.05	0.302	-3.656	-0.259	-3.242	6.0	G	HBOND
9bce	B	95	 	R	E	0.129	-2.017	2.099	1.538	-0.055	1.502	0.44	2.897	3.0	D	B	124	 	D	E	0.012	-2.304	1.765	1.05	0.302	-3.656	-0.259	-3.242	6.0	G	VDW
9bce	B	195	 	S	T	0.477	-1.061	-0.574	-0.228	1.399	-4.76	0.67	-2.647	2.0	C	B	219	 	R	E	0.069	-2.071	2.355	1.538	-0.055	1.502	0.44	2.897	19.0	T	HBOND
9bce	B	195	 	S	T	0.477	-1.061	-0.574	-0.228	1.399	-4.76	0.67	-2.647	2.0	C	B	219	 	R	E	0.069	-2.071	2.355	1.538	-0.055	1.502	0.44	2.897	19.0	T	VDW
9bce	B	272	 	S	-	0.338	-1.423	2.535	-0.228	1.399	-4.76	0.67	-2.647	2.0	C	B	275	 	R	G	0.407	-1.891	0.426	1.538	-0.055	1.502	0.44	2.897	1.0	B	HBOND
9bce	B	272	 	S	-	0.338	-1.423	2.535	-0.228	1.399	-4.76	0.67	-2.647	2.0	C	B	275	 	R	G	0.407	-1.891	0.426	1.538	-0.055	1.502	0.44	2.897	1.0	B	VDW
9bce	B	192	 	L	E	0.396	-1.526	1.979	-1.019	-0.987	-1.505	1.266	-0.912	13.0	N	B	220	 	V	E	0.0	-2.739	2.651	-1.337	-0.279	-0.544	1.242	-1.262	19.0	T	VDW
9bce	B	190	 	I	E	0.006	-1.907	1.828	-1.239	-0.547	2.131	0.393	0.816	3.0	D	B	230	 	A	H	0.0	-1.077	-0.805	-0.591	-1.302	-0.733	1.57	-0.146	14.0	O	
9bce	B	226	 	V	H	0.014		-0.829	-1.337	-0.279	-0.544	1.242	-1.262			B	230	 	A	H	0.0	-1.077	-0.805	-0.591	-1.302	-0.733	1.57	-0.146	14.0	O	HBOND
9bce	A	133	 	G	-	0.524	-1.602	2.629	-0.384	1.652	1.33	1.045	2.064	2.0	C	A	139	 	Y	-	0.072	-1.407	2.635	0.26	0.83	3.097	-0.838	1.512	6.0	G	HBOND
9bce	A	292	 	F	H	0.036	-1.054	-0.815	-1.006	-0.59	1.891	-0.397	0.412	1.0	B	A	295	 	Q	-	0.278	-2.134	1.841	0.931	-0.179	-3.005	-0.503	-1.853	2.0	C	HBOND
9bce	B	104	 	Q	H	0.045	-1.19	-0.616	0.931	-0.179	-3.005	-0.503	-1.853	12.0	M	B	108	 	A	H	0.009	-1.055	-0.823	-0.591	-1.302	-0.733	1.57	-0.146	17.0	R	HBOND
9bce	B	104	 	Q	H	0.045	-1.19	-0.616	0.931	-0.179	-3.005	-0.503	-1.853	12.0	M	B	108	 	A	H	0.009	-1.055	-0.823	-0.591	-1.302	-0.733	1.57	-0.146	17.0	R	VDW
9bce	A	228	 	Q	H	0.323	-1.062	-0.742	0.931	-0.179	-3.005	-0.503	-1.853	17.0	R	A	232	 	D	T	0.276	-1.585	0.283	1.05	0.302	-3.656	-0.259	-3.242	17.0	R	HBOND
9bce	A	228	 	Q	H	0.323	-1.062	-0.742	0.931	-0.179	-3.005	-0.503	-1.853	17.0	R	A	232	 	D	T	0.276	-1.585	0.283	1.05	0.302	-3.656	-0.259	-3.242	17.0	R	VDW
9bce	A	165	 	L	E	0.055	-1.479	2.259	-1.019	-0.987	-1.505	1.266	-0.912	8.0	I	A	237	 	A	E	0.0	-2.453		-0.591	-1.302	-0.733	1.57	-0.146			
9bce	B	167	 	A	E	0.0	-2.585	2.882	-0.591	-1.302	-0.733	1.57	-0.146	0.0	A	B	254	 	V	E	0.352	-2.155	2.191	-1.337	-0.279	-0.544	1.242	-1.262	2.0	C	HBOND
9bce	B	167	 	A	E	0.0	-2.585	2.882	-0.591	-1.302	-0.733	1.57	-0.146	0.0	A	B	254	 	V	E	0.352	-2.155	2.191	-1.337	-0.279	-0.544	1.242	-1.262	2.0	C	VDW
9bce	A	108	 	A	H	0.019	-1.049	-0.776	-0.591	-1.302	-0.733	1.57	-0.146	17.0	R	A	111	 	C	H	0.007	-1.205	-0.66	-1.343	0.465	-0.862	-1.02	-0.255			
9bce	B	183	 	E	G	0.294	-1.305	-0.186	1.357	-1.453	1.477	0.113	-0.837	17.0	R	B	187	 	H	S	0.06	-2.113	2.689	0.336	-0.417	-1.673	-1.474	-0.078	18.0	S	
9bce	B	290	 	K	H	0.332	-1.15	-0.621	1.831	-0.561	0.533	-0.277	1.648	1.0	B	B	294	 	S	S	0.562	-2.562	1.69	-0.228	1.399	-4.76	0.67	-2.647	2.0	C	HBOND
9bce	B	290	 	K	H	0.332	-1.15	-0.621	1.831	-0.561	0.533	-0.277	1.648	1.0	B	B	294	 	S	S	0.562	-2.562	1.69	-0.228	1.399	-4.76	0.67	-2.647	2.0	C	VDW
9bce	A	223	 	P	H	0.257	-1.072	-0.469	0.189	2.081	-1.628	0.421	-1.392			A	227	 	K	H	0.22	-0.964	-0.881	1.831	-0.561	0.533	-0.277	1.648	17.0	R	HBOND
